#==========================================#
#| File containing vibrational modes from |#
#|      experiment/QM for ForceBalance    |#
#|                                        |#
#| Octothorpes are comments               |#
#| This file should be formatted like so: |#
#| (Full XYZ file for the molecule)       |#
#| Number of atoms                        |#
#| Comment line                           |#
#| a1 x1 y1 z1 (xyz for atom 1)           |#
#| a2 x2 y2 z2 (xyz for atom 2)           |#
#|                                        |#
#| These coords will be actually used     |#
#|                                        |#
#| (Followed by vibrational modes)        |#
#| Do not use mass-weighted coordinates   |#
#| ...                                    |#
#| v (Eigenvalue in wavenumbers)          |#
#| dx1 dy1 dz1 (Eigenvector for atom 1)   |#
#| dx2 dy2 dz2 (Eigenvector for atom 2)   |#
#| ...                                    |#
#| (Empty line is optional)               |#
#| v (Eigenvalue)                         |#
#| dx1 dy1 dz1 (Eigenvector for atom 1)   |#
#| dx2 dy2 dz2 (Eigenvector for atom 2)   |#
#| ...                                    |#
#| and so on                              |#
#|                                        |#
#| Please list freqs in increasing order  |#
#==========================================#

19
Coordinates and vibrations calculated from frequency.psi4.out
 H    3.224   -0.705   -1.931
 C    2.994   -0.710   -0.877
 H    3.812   -0.263   -0.324
 H    2.870   -1.734   -0.541
 C    1.718    0.071   -0.653
 O    1.083    0.590   -1.565
 N    1.318    0.156    0.634
 H    1.814   -0.333    1.347
 C    0.147    0.946    1.025
 H    0.119    1.837    0.415
 H    0.237    1.213    2.065
 C   -1.160    0.172    0.860
 O   -1.857   -0.137    1.813
 N   -1.468   -0.122   -0.415
 H   -0.847    0.167   -1.144
 C   -2.682   -0.870   -0.727
 H   -2.744   -0.996   -1.798
 H   -3.560   -0.340   -0.379
 H   -2.670   -1.844   -0.253

36.3559
  -0.002    0.041   -0.028
  -0.004    0.009   -0.029
  -0.002   -0.013   -0.014
  -0.009   -0.001   -0.062
  -0.000    0.008   -0.007
  -0.001    0.032    0.008
   0.003   -0.022   -0.004
   0.003   -0.042   -0.017
   0.009   -0.025    0.019
   0.013   -0.010    0.041
   0.014   -0.048    0.025
  -0.002   -0.005    0.007
  -0.027    0.029   -0.001
   0.019   -0.029    0.008
   0.014   -0.013    0.009
   0.005   -0.002   -0.000
   0.301   -0.493    0.041
  -0.042    0.257   -0.506
  -0.240    0.222    0.462

74.1685
  -0.147   -0.280   -0.035
   0.089    0.095    0.018
   0.127    0.493   -0.356
   0.378    0.211    0.473
   0.009   -0.029   -0.002
  -0.022   -0.083   -0.011
   0.010   -0.025   -0.002
   0.040    0.015    0.005
   0.005   -0.034    0.001
   0.004   -0.025    0.012
   0.006   -0.044    0.004
  -0.005   -0.018   -0.001
   0.001   -0.022    0.002
  -0.028    0.019   -0.003
  -0.017   -0.001   -0.001
  -0.064    0.079   -0.006
  -0.042    0.040   -0.002
  -0.044    0.143   -0.051
  -0.132    0.097    0.034

83.5381
  -0.032   -0.157    0.113
  -0.074   -0.104    0.103
  -0.062   -0.153    0.123
  -0.170   -0.085    0.127
  -0.028   -0.008    0.028
  -0.015   -0.078   -0.020
  -0.004    0.148    0.026
  -0.011    0.212    0.074
  -0.042    0.136   -0.063
  -0.076    0.079   -0.140
  -0.068    0.221   -0.083
   0.032    0.004   -0.025
   0.211   -0.295    0.009
  -0.083    0.183   -0.039
  -0.138    0.270   -0.051
  -0.005    0.049   -0.022
   0.183   -0.278    0.006
  -0.098    0.110   -0.340
  -0.034    0.200    0.283

100.5368
  -0.389   -0.517   -0.093
  -0.109   -0.101   -0.030
   0.037    0.148   -0.441
   0.009    0.039    0.431
  -0.038    0.003    0.003
   0.015    0.112    0.028
  -0.023   -0.004    0.008
  -0.068   -0.075   -0.009
   0.002    0.028    0.023
   0.021    0.033    0.029
   0.008    0.013    0.026
   0.005    0.027    0.005
  -0.003    0.009   -0.008
   0.040    0.014   -0.001
   0.029    0.056    0.008
   0.103   -0.079   -0.024
   0.123   -0.065   -0.026
   0.056   -0.157   -0.022
   0.179   -0.086   -0.041

142.9118
   0.091   -0.168    0.085
   0.069   -0.043    0.080
   0.072    0.004    0.039
   0.041    0.002    0.203
   0.099    0.039   -0.016
   0.268    0.232   -0.019
  -0.068   -0.091   -0.055
  -0.227   -0.229   -0.041
  -0.033   -0.006   -0.146
  -0.002   -0.096   -0.274
  -0.028    0.133   -0.181
  -0.031   -0.015   -0.039
   0.051   -0.028    0.017
  -0.143   -0.052   -0.009
  -0.227   -0.065   -0.083
  -0.205   -0.038    0.163
  -0.322   -0.120    0.181
  -0.148    0.022    0.216
  -0.187    0.004    0.244

191.2252
   0.175    0.231    0.022
   0.084    0.088    0.002
  -0.022    0.134    0.121
   0.186    0.035   -0.119
  -0.021   -0.073   -0.022
   0.008   -0.037   -0.019
  -0.106   -0.197   -0.037
  -0.144   -0.252   -0.047
   0.020   -0.018   -0.001
   0.138   -0.019   -0.004
   0.091   -0.034   -0.002
  -0.055    0.123    0.022
   0.010    0.023    0.036
  -0.112    0.249    0.008
  -0.099    0.255    0.021
   0.126   -0.132    0.008
   0.216   -0.239    0.015
  -0.056   -0.379   -0.080
   0.407   -0.093    0.088

247.5000
  -0.181    0.140   -0.161
  -0.002    0.020   -0.123
   0.083   -0.022   -0.212
   0.076   -0.020   -0.212
   0.021   -0.030    0.130
  -0.111    0.000    0.237
   0.115   -0.022    0.149
   0.124    0.041    0.185
   0.061   -0.006   -0.029
   0.190    0.000   -0.022
  -0.111   -0.033   -0.009
   0.047    0.047   -0.186
   0.039    0.026   -0.197
  -0.064    0.052   -0.159
  -0.122   -0.013   -0.231
  -0.078   -0.080    0.157
  -0.284   -0.236    0.188
  -0.041   -0.100    0.270
   0.092   -0.007    0.303

295.9420
  -0.073    0.162   -0.064
  -0.006    0.047   -0.051
  -0.007    0.068   -0.064
   0.103    0.007   -0.131
  -0.032   -0.055    0.072
  -0.063    0.027    0.133
  -0.070   -0.108    0.053
  -0.167   -0.122    0.110
  -0.017    0.077   -0.170
   0.042   -0.141   -0.484
  -0.021    0.411   -0.256
   0.018    0.006    0.012
   0.140    0.045    0.109
   0.023   -0.100    0.027
   0.047   -0.078    0.054
  -0.003    0.029   -0.153
   0.115    0.136   -0.174
  -0.003    0.082   -0.226
  -0.155   -0.023   -0.256

329.9051
   0.125    0.068    0.177
  -0.064    0.073    0.136
  -0.209    0.179    0.265
  -0.008    0.070    0.149
  -0.138   -0.033   -0.029
  -0.081    0.025   -0.039
  -0.174   -0.133   -0.046
  -0.239   -0.251   -0.082
   0.004    0.054    0.008
   0.088    0.050    0.000
   0.048    0.022    0.012
   0.101    0.040   -0.055
   0.051   -0.063   -0.128
   0.218   -0.066   -0.045
   0.163   -0.054   -0.086
   0.079    0.104    0.170
  -0.135    0.050    0.191
   0.227    0.263    0.308
  -0.000    0.139    0.239

405.4556
   0.201   -0.156    0.226
  -0.049    0.008    0.171
  -0.160    0.054    0.300
  -0.158    0.061    0.294
  -0.051    0.042   -0.052
  -0.112    0.064    0.000
   0.049   -0.017   -0.039
   0.127   -0.025   -0.102
   0.080   -0.106    0.054
   0.136    0.088    0.330
  -0.009   -0.429    0.144
   0.057   -0.011   -0.082
   0.186    0.124    0.049
  -0.083   -0.033   -0.061
  -0.120   -0.014   -0.086
  -0.080   -0.069   -0.101
  -0.029   -0.048   -0.108
  -0.113   -0.101   -0.138
  -0.065   -0.084   -0.131

505.5272
   0.256   -0.216    0.146
   0.020   -0.031    0.094
  -0.066   -0.013    0.209
  -0.123    0.032    0.231
   0.021    0.027   -0.073
  -0.146    0.078    0.063
   0.124   -0.024   -0.053
   0.244    0.108   -0.048
   0.078   -0.077   -0.146
  -0.038   -0.299   -0.463
   0.166    0.327   -0.257
   0.008   -0.070    0.059
  -0.133   -0.026   -0.025
  -0.005    0.069    0.041
   0.008    0.081    0.060
   0.052    0.026    0.031
   0.070    0.010    0.033
   0.018   -0.025    0.022
   0.100    0.030    0.042

627.6294
   0.110   -0.023    0.016
   0.037   -0.017    0.000
  -0.040    0.049    0.056
   0.092   -0.023    0.007
  -0.000   -0.021   -0.030
  -0.039   -0.002    0.010
   0.076    0.072    0.005
  -0.532   -0.763   -0.140
   0.068    0.074    0.031
   0.113    0.068    0.028
   0.085    0.077    0.031
  -0.015    0.048    0.015
  -0.032   -0.037   -0.022
  -0.016   -0.032    0.022
  -0.048    0.000    0.008
  -0.038   -0.024   -0.021
   0.006    0.012   -0.029
  -0.044   -0.020   -0.044
  -0.067   -0.038   -0.053

653.8647
  -0.274    0.046   -0.010
  -0.136    0.091    0.018
  -0.010   -0.051   -0.062
  -0.265    0.101    0.011
   0.026    0.116    0.064
   0.045   -0.086   -0.062
   0.034    0.033    0.060
  -0.387   -0.574   -0.060
  -0.045   -0.162   -0.047
  -0.132   -0.287   -0.225
  -0.127    0.086   -0.106
   0.051   -0.123   -0.015
   0.025    0.072    0.027
   0.003    0.069   -0.039
   0.032    0.055   -0.022
   0.050    0.029    0.026
  -0.011   -0.038    0.038
   0.041   -0.006    0.057
   0.127    0.054    0.081

683.3000
  -0.121    0.336    0.048
  -0.189    0.095    0.029
  -0.386    0.382    0.100
   0.210    0.023   -0.064
  -0.163   -0.168    0.014
   0.140    0.026   -0.080
   0.101    0.009    0.077
   0.288    0.165    0.053
   0.148    0.022    0.018
   0.140   -0.100   -0.164
   0.142    0.242   -0.039
   0.059   -0.024    0.036
  -0.049   -0.008   -0.044
  -0.031   -0.014    0.026
  -0.181    0.151   -0.032
  -0.056   -0.035   -0.028
   0.020    0.000   -0.039
  -0.087   -0.062   -0.068
  -0.052   -0.052   -0.068

704.3416
   0.222    0.138    0.005
   0.089   -0.086   -0.023
  -0.159    0.254    0.080
   0.518   -0.156   -0.100
  -0.109   -0.210   -0.039
   0.003    0.087    0.050
   0.017    0.154   -0.018
  -0.205   -0.056   -0.007
  -0.156   -0.089   -0.031
  -0.317   -0.026    0.068
  -0.220   -0.168   -0.007
   0.017   -0.123   -0.023
   0.029    0.071    0.052
   0.028    0.038   -0.044
  -0.063    0.269   -0.031
   0.067    0.044    0.032
  -0.026   -0.031    0.049
   0.077    0.026    0.087
   0.136    0.075    0.094

849.8176
  -0.006   -0.051   -0.017
   0.042   -0.009   -0.005
   0.106   -0.093   -0.036
  -0.054    0.001   -0.006
   0.009    0.038    0.004
  -0.014   -0.019   -0.005
  -0.046   -0.017    0.009
  -0.020    0.026    0.019
   0.007    0.026    0.017
  -0.007    0.019    0.001
   0.004    0.059    0.009
   0.071   -0.049    0.013
  -0.012    0.028   -0.035
   0.018   -0.049    0.028
  -0.512    0.818   -0.073
  -0.021   -0.003   -0.004
   0.037    0.013   -0.010
  -0.059   -0.044   -0.022
   0.007   -0.013   -0.041

884.7309
  -0.032    0.011    0.026
  -0.087    0.055    0.011
  -0.114    0.060    0.047
  -0.118    0.073    0.050
   0.036   -0.025   -0.009
   0.028   -0.022    0.022
   0.123   -0.003   -0.006
   0.093   -0.019    0.004
  -0.017   -0.088   -0.116
   0.239    0.075    0.110
  -0.077   -0.295   -0.058
  -0.275    0.202   -0.057
   0.006   -0.065    0.112
   0.081   -0.111   -0.044
  -0.239    0.637   -0.024
   0.072    0.042    0.017
  -0.118   -0.015    0.039
   0.164    0.127    0.144
   0.052    0.082    0.092

914.9547
  -0.221    0.143    0.010
  -0.096    0.055    0.035
  -0.041    0.040   -0.036
  -0.033    0.024   -0.040
   0.069   -0.050    0.041
   0.042   -0.041    0.132
  -0.050    0.069   -0.160
  -0.212    0.065   -0.060
   0.029   -0.040   -0.159
  -0.045    0.267    0.296
   0.126   -0.539   -0.038
   0.073    0.002   -0.011
  -0.007   -0.006   -0.100
  -0.071   -0.014    0.165
  -0.098   -0.088    0.124
   0.045    0.031    0.046
   0.346    0.198    0.007
  -0.076   -0.048   -0.141
  -0.043   -0.059   -0.134

961.2095
  -0.181    0.098    0.008
  -0.061    0.042    0.032
   0.008   -0.004   -0.038
  -0.047    0.019   -0.034
   0.064   -0.035    0.030
   0.022   -0.037    0.113
  -0.063    0.023   -0.160
  -0.115    0.055   -0.111
   0.136    0.122   -0.011
  -0.036    0.214    0.134
   0.412   -0.070    0.019
  -0.005   -0.160    0.064
  -0.077    0.006    0.143
   0.079    0.058   -0.188
   0.173    0.164   -0.087
  -0.073   -0.045   -0.071
  -0.476   -0.303   -0.015
   0.071    0.024    0.190
   0.098    0.087    0.196

1034.7838
  -0.439    0.290   -0.019
   0.081   -0.071    0.105
   0.343   -0.115   -0.250
   0.310   -0.214   -0.261
  -0.102    0.053    0.089
  -0.030    0.023   -0.036
  -0.077    0.097   -0.040
  -0.011    0.064   -0.119
   0.107   -0.169   -0.013
   0.042   -0.251   -0.137
   0.268    0.056   -0.088
  -0.018    0.118    0.026
   0.012   -0.022   -0.009
   0.046    0.001   -0.005
   0.020    0.017   -0.025
  -0.042   -0.031   -0.018
  -0.071   -0.028   -0.019
  -0.014    0.002    0.003
  -0.048   -0.023   -0.005

1063.0427
  -0.210    0.121   -0.009
   0.072   -0.046    0.058
   0.229   -0.100   -0.134
   0.156   -0.121   -0.138
  -0.103    0.061    0.062
  -0.036    0.039   -0.109
   0.007   -0.038    0.096
   0.009   -0.054    0.084
   0.138    0.124   -0.128
   0.424    0.357    0.203
  -0.130   -0.344    0.019
  -0.065   -0.188   -0.077
  -0.049    0.005    0.064
  -0.133   -0.049   -0.021
  -0.063   -0.132    0.015
   0.152    0.099    0.045
   0.138    0.067    0.054
   0.114    0.047    0.035
   0.143    0.091    0.045

1137.9275
   0.286   -0.244   -0.026
   0.043    0.014   -0.082
  -0.053   -0.063    0.124
  -0.174    0.106    0.140
  -0.064    0.002    0.020
  -0.000    0.014   -0.054
  -0.044    0.028    0.142
  -0.230    0.101    0.321
   0.046   -0.054   -0.186
   0.137    0.219    0.214
  -0.072   -0.450   -0.072
   0.064    0.023    0.056
  -0.035   -0.017    0.005
   0.117    0.083    0.061
   0.231    0.059    0.140
  -0.114   -0.076   -0.056
  -0.212   -0.124   -0.045
  -0.024   -0.010    0.056
  -0.051   -0.018    0.055

1154.3675
   0.254    0.257    0.038
  -0.083   -0.137   -0.038
  -0.452    0.464    0.060
   0.579   -0.172    0.038
   0.094    0.165    0.028
  -0.016   -0.032   -0.005
  -0.034   -0.020    0.012
  -0.005    0.037    0.032
   0.018   -0.008   -0.019
   0.046    0.017    0.016
  -0.005   -0.036   -0.009
   0.002   -0.001    0.001
  -0.004   -0.002    0.002
   0.009    0.002    0.005
  -0.003    0.045    0.013
  -0.008   -0.003   -0.005
  -0.020   -0.016   -0.003
  -0.003   -0.004    0.009
   0.007    0.004    0.009

1160.9754
   0.449   -0.314   -0.032
   0.021    0.021   -0.132
  -0.188   -0.003    0.202
  -0.198    0.155    0.220
  -0.026   -0.007    0.011
   0.039   -0.025    0.041
  -0.157    0.113    0.034
  -0.219    0.198    0.126
   0.165   -0.097    0.052
   0.039   -0.198   -0.099
   0.314    0.167   -0.028
  -0.039    0.013   -0.012
   0.006   -0.004    0.016
  -0.097   -0.070   -0.071
  -0.183   -0.134   -0.154
   0.099    0.061    0.029
   0.087    0.055    0.029
   0.053    0.021   -0.015
   0.050    0.034   -0.015

1229.9364
   0.000    0.002    0.000
  -0.001   -0.001    0.000
  -0.002    0.002   -0.001
   0.003   -0.001   -0.000
   0.001    0.002   -0.000
   0.000   -0.001    0.001
  -0.001   -0.000   -0.001
   0.001   -0.001   -0.003
   0.002    0.000    0.002
  -0.001    0.000    0.001
  -0.000    0.005    0.001
   0.005   -0.010    0.000
  -0.002    0.004   -0.001
  -0.037    0.056   -0.005
  -0.054    0.088   -0.006
   0.073   -0.118    0.010
  -0.145    0.249   -0.020
   0.444    0.495    0.026
  -0.643   -0.152   -0.053

1266.5743
   0.018   -0.009   -0.001
   0.002   -0.002   -0.005
  -0.006   -0.000    0.009
   0.003    0.003    0.010
  -0.007    0.005    0.012
  -0.001    0.001   -0.005
   0.007   -0.004    0.006
  -0.012    0.000    0.022
   0.001    0.006   -0.019
  -0.001    0.035    0.022
   0.056   -0.044   -0.012
  -0.023   -0.019   -0.013
  -0.024   -0.007    0.058
   0.089    0.043   -0.109
  -0.008   -0.009   -0.228
  -0.065   -0.027    0.145
   0.571    0.344    0.055
  -0.286   -0.076   -0.360
  -0.185   -0.260   -0.346

1321.0507
  -0.167    0.121    0.014
  -0.019   -0.001    0.050
   0.046    0.035   -0.083
   0.027   -0.045   -0.087
   0.078   -0.025   -0.079
  -0.038    0.025   -0.039
   0.031   -0.040    0.080
  -0.254    0.100    0.385
  -0.030   -0.013   -0.041
  -0.503    0.119    0.177
   0.313   -0.104   -0.045
   0.104    0.096    0.116
  -0.028   -0.017    0.020
  -0.054   -0.044   -0.092
  -0.277   -0.180   -0.320
   0.055    0.031   -0.008
  -0.080   -0.044    0.001
   0.018   -0.014   -0.014
  -0.010    0.020   -0.017

1354.7756
  -0.254    0.159    0.015
  -0.035    0.013    0.068
   0.042    0.071   -0.113
  -0.029   -0.042   -0.131
   0.181   -0.093   -0.174
  -0.047    0.031   -0.015
  -0.082    0.045    0.053
  -0.335    0.236    0.363
   0.091   -0.032    0.049
   0.344   -0.125   -0.098
  -0.491    0.139    0.068
  -0.042   -0.040   -0.056
   0.003    0.003    0.006
   0.025    0.019    0.029
   0.130    0.077    0.140
  -0.024   -0.013    0.011
   0.059    0.035    0.002
  -0.020    0.003   -0.012
  -0.005   -0.020   -0.009

1393.6643
   0.022   -0.020    0.000
   0.002    0.001   -0.003
   0.005    0.000   -0.007
  -0.002   -0.001   -0.010
  -0.017    0.010   -0.015
   0.018   -0.018    0.036
  -0.024    0.025   -0.031
   0.182   -0.080   -0.251
  -0.002   -0.012   -0.022
   0.400   -0.054   -0.091
  -0.711   -0.081    0.063
   0.124    0.068    0.086
  -0.056   -0.027    0.048
  -0.013   -0.009   -0.051
  -0.222   -0.173   -0.281
   0.024    0.014   -0.010
  -0.067   -0.042   -0.005
  -0.005   -0.023   -0.018
  -0.020    0.005   -0.020

1456.8162
   0.023   -0.024    0.001
   0.003    0.001   -0.003
   0.009   -0.016    0.002
   0.015   -0.003   -0.005
  -0.025    0.014    0.008
   0.009   -0.007    0.009
  -0.004   -0.027   -0.008
   0.042   -0.054   -0.059
   0.143    0.014   -0.010
  -0.812    0.032    0.043
  -0.544    0.023    0.053
  -0.034    0.022   -0.024
   0.002   -0.005    0.003
   0.010    0.001    0.012
   0.026    0.032    0.037
  -0.007   -0.005    0.002
   0.020    0.021   -0.002
   0.003    0.011    0.001
   0.009   -0.000    0.008

1502.2080
  -0.431    0.290   -0.129
   0.115   -0.070   -0.019
  -0.330    0.448    0.193
  -0.568    0.077    0.136
  -0.010    0.005    0.011
   0.001   -0.001    0.001
   0.005   -0.002   -0.008
   0.003   -0.002   -0.007
   0.002    0.002   -0.000
  -0.016   -0.004   -0.008
  -0.014   -0.012    0.004
   0.001    0.002    0.001
  -0.001   -0.000    0.000
  -0.001   -0.001   -0.001
   0.000    0.001    0.000
   0.001    0.000    0.000
  -0.002   -0.001    0.000
  -0.001   -0.002   -0.001
  -0.002   -0.000   -0.001

1556.7367
   0.056   -0.051    0.021
  -0.000   -0.001    0.012
   0.008    0.097   -0.083
  -0.067   -0.031   -0.112
  -0.001    0.002   -0.014
   0.005   -0.004    0.007
  -0.012    0.005    0.016
   0.079   -0.044   -0.080
   0.005   -0.013   -0.014
   0.008    0.085    0.122
  -0.014    0.118   -0.043
  -0.022   -0.012    0.025
   0.016    0.007   -0.024
   0.002    0.001   -0.006
   0.147    0.092    0.143
   0.081    0.052    0.046
  -0.492   -0.278    0.099
  -0.287   -0.303   -0.293
  -0.378   -0.140   -0.300

1558.9268
  -0.227    0.171   -0.081
  -0.000    0.006   -0.049
  -0.038   -0.385    0.344
   0.277    0.120    0.429
   0.009   -0.012    0.054
  -0.020    0.016   -0.031
   0.033   -0.012   -0.050
  -0.201    0.117    0.196
   0.004    0.028    0.029
   0.005   -0.177   -0.256
  -0.088   -0.241    0.104
  -0.001    0.005    0.007
   0.000   -0.000   -0.003
   0.001   -0.001    0.001
   0.005    0.026    0.009
   0.028    0.017    0.011
  -0.165   -0.094    0.030
  -0.088   -0.100   -0.086
  -0.127   -0.041   -0.092

1575.5210
  -0.185    0.116   -0.057
   0.004    0.003   -0.025
  -0.025   -0.237    0.221
   0.173    0.069    0.257
   0.002   -0.001   -0.012
  -0.002    0.001    0.003
  -0.002   -0.005   -0.003
   0.040   -0.021   -0.043
  -0.005   -0.061   -0.025
   0.078    0.314    0.501
  -0.078    0.578   -0.171
   0.010   -0.002    0.003
  -0.002   -0.001    0.002
  -0.007   -0.002   -0.007
   0.028   -0.003    0.021
  -0.007   -0.004   -0.001
   0.050    0.025   -0.006
   0.024    0.029    0.022
   0.037    0.008    0.021

1594.1083
   0.389    0.594    0.089
  -0.027   -0.044   -0.005
   0.271   -0.038   -0.415
  -0.220    0.136    0.411
  -0.015   -0.017   -0.001
   0.002    0.001    0.001
   0.004    0.002   -0.003
  -0.022   -0.009    0.007
   0.001   -0.001    0.001
   0.000    0.008    0.014
  -0.014    0.020   -0.003
  -0.000   -0.001   -0.001
  -0.000    0.000    0.000
   0.000    0.001    0.001
  -0.001   -0.003   -0.002
   0.000    0.001   -0.000
   0.001   -0.012    0.001
   0.001   -0.002    0.005
  -0.006   -0.003   -0.008

1603.9152
  -0.003   -0.011   -0.001
   0.001    0.001    0.000
  -0.004    0.004    0.004
   0.001   -0.003   -0.010
  -0.000    0.001    0.001
   0.000   -0.000   -0.000
   0.001   -0.000   -0.001
  -0.003    0.003    0.004
   0.001   -0.001    0.000
  -0.005   -0.002   -0.001
  -0.004   -0.000    0.001
  -0.001    0.001    0.001
   0.001   -0.001   -0.000
  -0.007    0.010   -0.001
  -0.001    0.009    0.003
  -0.028    0.048   -0.003
   0.361   -0.623    0.053
   0.202    0.096    0.427
  -0.139   -0.189   -0.433

1615.9909
   0.191   -0.166    0.044
   0.006   -0.003    0.011
   0.005    0.191   -0.150
  -0.129   -0.062   -0.224
  -0.063    0.029    0.100
   0.004   -0.000   -0.015
   0.086   -0.043   -0.127
  -0.500    0.290    0.493
  -0.004   -0.024    0.033
   0.134    0.048    0.137
  -0.223    0.284   -0.017
   0.012    0.004   -0.008
  -0.008   -0.004    0.009
   0.001    0.002    0.004
  -0.037   -0.027   -0.046
   0.007    0.003   -0.007
  -0.009    0.004   -0.004
  -0.020   -0.059    0.027
  -0.060    0.017    0.031

1627.9149
   0.017   -0.009    0.003
   0.000   -0.000    0.000
   0.001    0.012   -0.011
  -0.009   -0.003   -0.013
  -0.005    0.002    0.009
   0.000    0.000   -0.002
   0.007   -0.003   -0.011
  -0.038    0.022    0.036
  -0.002   -0.001    0.001
   0.019   -0.006   -0.004
  -0.038   -0.003    0.006
   0.012    0.010    0.028
   0.003    0.000   -0.012
  -0.029   -0.018   -0.012
   0.097    0.066    0.126
  -0.028   -0.013    0.051
  -0.208   -0.107    0.051
   0.143    0.522   -0.401
   0.557   -0.166   -0.329

1662.6697
   0.031   -0.015    0.006
  -0.002    0.000   -0.002
  -0.001    0.016   -0.014
  -0.012   -0.001   -0.010
   0.006   -0.009    0.025
  -0.005    0.006   -0.013
   0.002    0.001   -0.008
   0.001    0.001   -0.007
  -0.006   -0.001   -0.006
   0.026   -0.024   -0.036
  -0.096   -0.066    0.020
   0.051    0.041    0.102
   0.006    0.001   -0.026
  -0.090   -0.064   -0.120
   0.557    0.376    0.560
  -0.005   -0.001    0.016
   0.287    0.172   -0.009
  -0.017   -0.089    0.148
  -0.092    0.047    0.141

1783.3953
  -0.251    0.163   -0.051
   0.032   -0.025    0.032
   0.100   -0.192    0.054
   0.212   -0.027    0.071
  -0.291    0.239   -0.391
   0.158   -0.130    0.220
   0.059   -0.040    0.024
  -0.319    0.180    0.423
  -0.007    0.020   -0.002
   0.095   -0.056   -0.126
   0.029   -0.158    0.046
  -0.073   -0.039    0.090
   0.044    0.021   -0.055
   0.007    0.004   -0.024
   0.092   -0.002    0.085
  -0.006   -0.002    0.005
   0.066    0.036   -0.002
  -0.007   -0.015    0.029
  -0.012    0.005    0.029

1824.7470
  -0.046    0.032   -0.010
   0.006   -0.005    0.007
   0.022   -0.037    0.007
   0.041   -0.007    0.012
  -0.061    0.047   -0.083
   0.035   -0.026    0.043
   0.003   -0.007    0.016
  -0.027    0.017    0.054
  -0.032   -0.011    0.040
  -0.158   -0.073   -0.073
   0.297    0.046   -0.037
   0.298    0.134   -0.436
  -0.177   -0.079    0.235
  -0.052   -0.026    0.044
   0.346    0.234    0.460
   0.018    0.011    0.011
  -0.139   -0.078    0.029
  -0.058   -0.066   -0.097
  -0.078   -0.032   -0.100

3081.9031
  -0.001   -0.000    0.003
   0.000   -0.000    0.000
  -0.004   -0.002   -0.003
   0.001    0.006   -0.002
  -0.000    0.000   -0.000
   0.000   -0.000    0.000
   0.000    0.000   -0.000
   0.000   -0.000    0.000
   0.000   -0.000    0.001
  -0.000    0.002   -0.002
   0.001   -0.000   -0.002
   0.000   -0.000   -0.003
  -0.001   -0.000    0.001
   0.001    0.001    0.002
   0.003    0.002   -0.005
   0.038    0.027   -0.003
  -0.017   -0.046   -0.443
  -0.476    0.311    0.190
   0.027   -0.595    0.291

3087.0086
   0.067    0.008   -0.340
  -0.038    0.032   -0.016
   0.467    0.270    0.317
  -0.091   -0.658    0.213
   0.001   -0.001   -0.001
   0.000   -0.000    0.000
   0.000   -0.000    0.000
  -0.002    0.002    0.000
  -0.000   -0.000    0.000
   0.000    0.001   -0.001
  -0.000    0.001    0.002
   0.000    0.000   -0.000
  -0.000   -0.000    0.000
   0.000    0.000   -0.000
  -0.000   -0.000    0.001
   0.000    0.000    0.000
  -0.000   -0.000   -0.004
  -0.004    0.003    0.002
   0.000   -0.005    0.002

3129.8493
  -0.000    0.000    0.000
   0.000    0.001    0.000
  -0.004   -0.002   -0.003
  -0.001   -0.004    0.001
  -0.000   -0.000   -0.000
   0.000    0.000    0.000
   0.000    0.000    0.000
  -0.000   -0.000   -0.000
   0.000    0.003   -0.000
   0.001   -0.035    0.024
  -0.002   -0.005   -0.022
   0.000   -0.000   -0.000
  -0.000    0.000   -0.000
  -0.001    0.001   -0.000
   0.004   -0.006    0.001
   0.049   -0.079    0.010
   0.009   -0.026   -0.056
  -0.577    0.350    0.248
  -0.008    0.608   -0.313

3134.4654
  -0.000   -0.000    0.004
   0.000    0.000   -0.000
  -0.004   -0.002   -0.002
  -0.000   -0.003    0.001
   0.000   -0.001    0.001
  -0.001    0.001   -0.000
   0.001    0.000   -0.001
  -0.000   -0.004    0.002
  -0.003   -0.069    0.002
  -0.017    0.714   -0.504
   0.043    0.108    0.464
   0.001    0.000    0.000
   0.000   -0.000    0.000
  -0.000    0.000   -0.000
  -0.000   -0.003    0.000
   0.002   -0.004    0.001
   0.000   -0.001   -0.003
  -0.026    0.015    0.011
  -0.000    0.029   -0.015

3139.9165
   0.003    0.019    0.044
   0.051    0.075    0.010
  -0.552   -0.293   -0.383
  -0.068   -0.632    0.219
   0.000    0.001    0.000
   0.000    0.000    0.000
  -0.000   -0.000   -0.000
   0.001    0.002    0.000
  -0.000    0.000   -0.000
   0.000   -0.004    0.003
  -0.000   -0.000   -0.002
  -0.000    0.000    0.000
   0.000   -0.000   -0.000
  -0.000   -0.000    0.000
   0.000    0.000   -0.000
  -0.000    0.001   -0.000
  -0.000    0.000    0.002
   0.004   -0.002   -0.002
   0.000   -0.005    0.003

3160.1567
  -0.000    0.000    0.001
   0.000    0.000   -0.000
  -0.001   -0.000   -0.000
  -0.000   -0.001    0.000
  -0.000   -0.000    0.000
  -0.000    0.000   -0.000
   0.000   -0.000   -0.000
  -0.000    0.000   -0.000
  -0.000    0.000   -0.000
   0.000   -0.001    0.001
   0.000    0.000    0.001
  -0.001   -0.000    0.000
   0.000    0.000   -0.000
  -0.000   -0.000   -0.001
  -0.004   -0.000    0.013
  -0.017    0.002    0.091
  -0.043   -0.098   -0.887
   0.273   -0.179   -0.089
  -0.017    0.260   -0.104

3197.2015
   0.200    0.005   -0.918
  -0.004   -0.008    0.090
  -0.194   -0.111   -0.115
   0.027    0.208   -0.051
   0.001   -0.001    0.003
  -0.000    0.000   -0.001
   0.000    0.000   -0.001
   0.002   -0.001   -0.001
   0.000   -0.000   -0.000
  -0.000    0.002   -0.001
   0.000    0.001    0.003
   0.000    0.000    0.000
  -0.000   -0.000   -0.000
  -0.000   -0.000    0.000
   0.000    0.000   -0.001
  -0.000    0.000    0.000
  -0.000   -0.000   -0.001
   0.000   -0.000   -0.000
  -0.000    0.000   -0.000

3202.0673
   0.001    0.000   -0.002
  -0.000    0.000    0.000
  -0.001   -0.000   -0.000
  -0.000   -0.000    0.000
   0.001   -0.000    0.000
  -0.000    0.000   -0.000
  -0.000    0.000   -0.002
   0.001   -0.006    0.015
   0.008   -0.013    0.093
  -0.006    0.387   -0.259
  -0.084   -0.216   -0.849
  -0.001   -0.001    0.003
   0.001    0.000   -0.001
   0.000    0.000   -0.001
  -0.002   -0.002   -0.001
  -0.000   -0.000    0.000
   0.000    0.000    0.000
   0.002   -0.001   -0.000
   0.000    0.003   -0.001

3615.5224
   0.001   -0.000   -0.000
   0.000    0.000   -0.000
  -0.001   -0.000   -0.001
  -0.001    0.001   -0.000
   0.001   -0.001    0.003
  -0.001    0.001   -0.002
   0.001   -0.001    0.000
  -0.012    0.012   -0.020
  -0.001    0.000   -0.000
   0.000   -0.001    0.001
   0.000   -0.000    0.000
   0.000    0.000   -0.000
  -0.000   -0.000    0.002
   0.045    0.021   -0.056
  -0.600   -0.279    0.746
  -0.001   -0.001   -0.000
   0.002    0.002    0.007
  -0.010    0.000    0.001
  -0.005   -0.009    0.002

3679.5124
  -0.000    0.000   -0.000
  -0.000    0.000    0.000
  -0.001    0.000   -0.001
  -0.000    0.001   -0.001
   0.001   -0.001   -0.001
  -0.001    0.000   -0.001
   0.036   -0.036    0.054
  -0.495    0.484   -0.717
  -0.001    0.000    0.001
  -0.004    0.009   -0.004
   0.001   -0.003   -0.010
  -0.000    0.000    0.000
  -0.000   -0.000   -0.000
  -0.001   -0.001    0.001
   0.016    0.007   -0.019
   0.000    0.000    0.000
  -0.000   -0.000   -0.000
   0.000    0.000    0.000
   0.000    0.000   -0.000
