 273.2   45.04377   
 274.2   45.00227882
 275.4   44.95242692
 276.6   44.90250684
 277.8   44.8525186 
 279.2   44.79411281
 280.7   44.73143222
 282.3   44.66445551
 284.1   44.58896185
 285.9   44.5133148 
 287.9   44.42908262
 290.1   44.33620851
 292.4   44.23886785
 294.9   44.13277874
 297.6   44.01787016
 300.4   43.89834117
 303.5   43.76557256
 306.9   43.61943226
 310.5   43.46409895
 314.3   43.2994704 
 318.5   43.11671718
 322.9   42.92436572
 327.7   42.71348245
 332.9   42.4837947 
 338.4   42.23946269
 344.4   41.97128539
 350.8   41.68335109
 357.8   41.36620261
 365.2   41.02840899
 373.2   40.66031044
