-6.507120238244401556e-05
-1.381168424963163943e-06
-7.024611514508394272e-05
-1.286132480515789211e-06
9.632501966813904887e-07
8.335972223605381259e-08
1.253829408264829637e-06
2.404956351842457707e-07
-5.927782093066713553e-06
-5.755936869356048646e-07
-2.905313795402951482e-06
-4.489711674660057383e-08
-5.767975359260643642e-06
3.356780381436053062e-08
2.572601197793622507e-05
6.868056883213569108e-07
-2.114887132285275806e-06
3.342772367798119149e-07
2.546956081834550814e-07
3.179293411870176556e-08
-6.638912639541846850e-06
9.739202327940787995e-08
-9.413434642384366224e-06
-3.207753065392893177e-07
