Run semi-empirical minimization
 &qmmm
    qm_theory='AM1', grms_tol=0.0002,
  tight_p_conv=1, scfconv=1.d-10,   qmcharge=0,
 /
   7     N       -0.1830        1.1590        0.0040 
   6     C       -1.4000        2.8580       -1.3370 
   6    C1       -0.3940        2.4920       -0.2610 
   6    C2        0.7890        0.7910        1.0590 
   6    C3        0.0980        0.1930        2.2850 
   6    C4        1.9150       -0.0580        0.4750 
   6    C5        2.7520        0.5240       -0.4850 
   6    C6        3.7990       -0.1900       -1.0510 
   6    C7        4.0350       -1.5090       -0.6680 
   6    C8        3.2160       -2.0980        0.2860 
   6    C9        2.1650       -1.3770        0.8530 
   6   C10       -0.8770        0.1020       -0.6980 
   8     O        0.2250        3.3710        0.3220 
   6   C11       -2.2030       -0.3180       -0.0240 
   6   C12       -3.9310       -2.0060        0.2800 
   6   C13       -2.0490       -2.4820       -1.2500 
   7    N1       -2.7260       -1.5290       -0.3850 
   8    O1       -2.7660        0.4360        0.7530 
   1     H       -1.0530        2.5400       -2.3150 
   1    H1       -1.4950        3.9330       -1.3350 
   1    H2       -2.3660        2.4080       -1.1440 
   1    H3       -1.1010        0.3920       -1.7150 
   1    H4       -0.2080       -0.7430       -0.7630 
   1    H5        1.2200        1.7300        1.3600 
   1    H6        2.5820        1.5450       -0.7770 
   1    H7        4.4330        0.2810       -1.7820 
   1    H8        4.8470       -2.0630       -1.1030 
   1    H9        3.3920       -3.1130        0.5950 
   1   H10        1.5550       -1.8540        1.5970 
   1   H11       -0.3840       -0.7570        2.0790 
   1   H12       -0.6620        0.8750        2.6390 
   1   H13        0.8240        0.0340        3.0760 
   1   H14       -4.6640       -2.3100       -0.4600 
   1   H15       -1.3220       -3.0840       -0.7120 
   1   H16       -4.3390       -1.2130        0.8820 
   1   H17       -1.5540       -1.9920       -2.0760 
   1   H18       -3.7060       -2.8580        0.9140 
   1   H19       -2.7920       -3.1470       -1.6700 

