JOB 0
COORDS -3.9533419090e-01 -6.6895306500e-02 -1.0756609506e+00  8.5517624250e-01  2.1187194330e-01  7.3669389700e-01 -5.3933154490e-01  1.8039184880e-01  3.4410624100e-01  1.3403902020e-01 -1.0225732935e+00 -1.2703939060e+00  1.7821398340e-01  7.4228960850e-01 -1.5734509703e+00 -1.3758360273e+00 -1.3002617190e-01 -1.5860953641e+00  1.3637981144e+00 -7.4846537890e-01  5.1155437870e-01  9.7407228410e-01  3.9454075810e-01  1.8222175454e+00  1.4090662095e+00  1.0162697279e+00  2.0960212470e-01 -1.3580640909e+00  2.9789626420e-01  9.0552700430e-01
ENERGY -1.345111967300e+02

JOB 1
COORDS -4.1515968180e-01 -7.0304307100e-02 -1.0985002504e+00  8.7198804230e-01  2.1622995510e-01  7.6430899260e-01 -4.9435196720e-01  1.7432638930e-01  3.1672348200e-01  9.9764830300e-02 -1.0297664254e+00 -1.3206527218e+00  1.4464654880e-01  7.3379819950e-01 -1.6230088630e+00 -1.4193288296e+00 -1.2363064900e-01 -1.5585857249e+00  1.3997344222e+00 -7.4039020030e-01  5.6076765380e-01  9.3770855900e-01  4.0112225700e-01  1.8525982922e+00  1.4447014457e+00  1.0231763043e+00  2.5843461220e-01 -1.3239033699e+00  2.9073847670e-01  8.7201452740e-01
ENERGY -1.345197189100e+02

JOB 2
COORDS -4.3450634360e-01 -7.4293360000e-02 -1.1246292454e+00  8.8956827350e-01  2.2047025780e-01  7.9161968100e-01 -4.5093491960e-01  1.6824313200e-01  2.8765919880e-01  6.2003755400e-02 -1.0377555138e+00 -1.3743129815e+00  1.0691012350e-01  7.2529850520e-01 -1.6765786106e+00 -1.4607761327e+00 -1.1785618490e-01 -1.5311867584e+00  1.4365373584e+00 -7.3176108600e-01  6.1497277150e-01  8.9658487120e-01  4.0694539740e-01  1.8804695592e+00  1.4814822874e+00  1.0312980228e+00  3.1274291970e-01 -1.2810692736e+00  2.8471082960e-01  8.4334346600e-01
ENERGY -1.345251803200e+02

JOB 3
COORDS -4.5260060520e-01 -7.8318453800e-02 -1.1507992909e+00  9.0764680110e-01  2.2449928630e-01  8.1779989960e-01 -4.0663596250e-01  1.6203484300e-01  2.5800496310e-01  2.1789042000e-02 -1.0458389639e+00 -1.4286010696e+00  6.6691897500e-02  7.1682386530e-01 -1.7308005525e+00 -1.4988506334e+00 -1.1171921990e-01 -1.5010750784e+00  1.4730294289e+00 -7.2276493430e-01  6.7168930860e-01  8.5413967540e-01  4.1210511390e-01  1.9042569343e+00  1.5179637492e+00  1.0399040398e+00  3.6952995380e-01 -1.2373733930e+00  2.7857442360e-01  8.1409493200e-01
ENERGY -1.345281800900e+02

JOB 4
COORDS -4.6962146970e-01 -8.2294177500e-02 -1.1765231568e+00  9.2569825220e-01  2.2833161130e-01  8.4283383560e-01 -3.6151031080e-01  1.5570847890e-01  2.2779749090e-01 -1.9989419900e-02 -1.0536459306e+00 -1.4818506516e+00  2.4902075400e-02  7.0851621690e-01 -1.7839643989e+00 -1.5329664982e+00 -1.0535312540e-01 -1.4690223247e+00  1.5079558530e+00 -7.1349521190e-01  7.2944778080e-01  8.1131584320e-01  4.1653153250e-01  1.9237072662e+00  1.5528768726e+00  1.0486733547e+00  4.2737506090e-01 -1.1928611977e+00  2.7232725110e-01  7.8429909760e-01
ENERGY -1.345291182300e+02

JOB 5
COORDS -4.8574633630e-01 -8.6147245800e-02 -1.2013968766e+00  9.4327556660e-01  2.3198152900e-01  8.6673512170e-01 -3.1562412260e-01  1.4927434710e-01  1.9708115900e-01 -6.2560819900e-02 -1.0609324263e+00 -1.5328434930e+00 -1.7687025700e-02  7.0051006410e-01 -1.8348328250e+00 -1.5628928628e+00 -9.8878372700e-02 -1.4357106436e+00  1.5404419488e+00 -7.0407218020e-01  7.8708033760e-01  7.6884200760e-01  4.2021258920e-01  1.9388599900e+00  1.5853436418e+00  1.0573765146e+00  4.8513069870e-01 -1.1475919976e+00  2.6597518100e-01  7.5399653130e-01
ENERGY -1.345282654300e+02

JOB 6
COORDS -5.0109465910e-01 -8.9813836500e-02 -1.2250672515e+00  9.6000124930e-01  2.3545526000e-01  8.8948339420e-01 -2.6913872280e-01  1.4275518240e-01  1.6596378160e-01 -1.0524862630e-01 -1.0675543623e+00 -1.5807113617e+00 -6.0398906900e-02  6.9292456960e-01 -1.8825337555e+00 -1.5886131383e+00 -9.2401452400e-02 -1.4017591307e+00  1.5699147175e+00 -6.9462962510e-01  8.4364548640e-01  7.2730940200e-01  4.2316926050e-01  1.9499272521e+00  1.6147903401e+00  1.0658550841e+00  5.4186038900e-01 -1.1017216553e+00  2.5953991970e-01  7.2329119620e-01
ENERGY -1.345258007200e+02

JOB 7
COORDS -5.1577003090e-01 -9.3251807100e-02 -1.2473029557e+00  9.7561873350e-01  2.3876118970e-01  9.1108847400e-01 -2.2214429340e-01  1.3616428550e-01  1.3450577500e-01 -1.4759970720e-01 -1.0734594058e+00 -1.6250087013e+00 -1.0278024050e-01  6.8583616740e-01 -1.9266262631e+00 -1.6103302245e+00 -8.5992257200e-02 -1.3676043337e+00  1.5961210646e+00 -6.8527234170e-01  8.9856706470e-01  6.8705579780e-01  4.2545192590e-01  1.9572555208e+00  1.6409650353e+00  1.0740285953e+00  5.9698447700e-01 -1.0553361347e+00  2.5303364790e-01  6.9224094220e-01
ENERGY -1.345218449800e+02

JOB 8
COORDS -5.2982974960e-01 -9.6429343100e-02 -1.2679278715e+00  9.8994033380e-01  2.4190176830e-01  9.3153814290e-01 -1.7473792960e-01  1.2951566750e-01  1.0277199690e-01 -1.8926964260e-01 -1.0786410232e+00 -1.6655055502e+00 -1.4448580240e-01  6.7929786530e-01 -1.9668892322e+00 -1.6283299871e+00 -7.9700214600e-02 -1.3335749697e+00  1.6189743555e+00 -6.7608985160e-01  9.5145042400e-01  6.4828701840e-01  4.2712021610e-01  1.9612270104e+00  1.6637818202e+00  1.0818544837e+00  6.5010087900e-01 -1.0085304166e+00  2.4647043160e-01  6.6090917040e-01
ENERGY -1.345164895200e+02

JOB 9
COORDS -5.4330317680e-01 -9.9324810400e-02 -1.2868184537e+00  1.0028387241e+00  2.4487726470e-01  9.5081367070e-01 -1.2698013520e-01  1.2281823920e-01  7.0802832500e-02 -2.3002026300e-01 -1.0831218963e+00 -1.7021339103e+00 -1.8527714090e-01  6.7334184530e-01 -2.0032640827e+00 -1.6429474624e+00 -7.3554574700e-02 -1.2998870664e+00  1.6385014839e+00 -6.6715166590e-01  1.0020580339e+00  6.1108396500e-01  4.2823790470e-01  1.9622284913e+00  1.6832697756e+00  1.0893176932e+00  7.0096409470e-01 -9.6136577010e-01  2.3986000020e-01  6.2933638990e-01
ENERGY -1.345098126100e+02

JOB 10
COORDS -5.5626917070e-01 -1.0188730330e-01 -1.3036919595e+00  1.0142370441e+00  2.4764206550e-01  9.6863745800e-01 -7.8861110600e-02  1.1607926960e-01  3.8651569200e-02 -2.6981321320e-01 -1.0869116071e+00 -1.7347580279e+00 -2.2510998410e-01  6.6802110790e-01 -2.0356232086e+00 -1.6546105226e+00 -6.7518184700e-02 -1.2664055520e+00  1.6548798127e+00 -6.5855023750e-01  1.0500510068e+00  5.7563004890e-01  4.2884272270e-01  1.9604892734e+00  1.6996065295e+00  1.0963832395e+00  7.4922000950e-01 -9.1388943410e-01  2.3319892750e-01  5.9752943120e-01
ENERGY -1.345018934500e+02

JOB 11
COORDS -4.1195102190e-01 -4.9013634400e-02 -1.0684408551e+00  8.6835846080e-01  2.2624157250e-01  7.2572284780e-01 -5.2865299970e-01  2.7029293670e-01  3.4113503650e-01  6.9799152000e-02 -1.0352252511e+00 -1.2537253391e+00  1.9352584110e-01  7.2142246120e-01 -1.5801864067e+00 -1.3995446098e+00 -6.7816585600e-02 -1.5683515106e+00  1.3434654246e+00 -7.6132663060e-01  5.3073761810e-01  1.0056565208e+00  4.4901919560e-01  1.8014297362e+00  1.4375420357e+00  9.8916384420e-01  1.6358410310e-01 -1.3323988035e+00  1.3254209150e-01  9.3219476980e-01
ENERGY -1.345154288300e+02

JOB 12
COORDS -4.3352505750e-01 -5.2656911800e-02 -1.0943475241e+00  8.8521773280e-01  2.3093489900e-01  7.5419826350e-01 -4.8796238920e-01  2.5341440120e-01  3.1395542060e-01  2.5063078500e-02 -1.0453016480e+00 -1.3098876344e+00  1.6731449440e-01  7.1110985310e-01 -1.6242698757e+00 -1.4419789221e+00 -4.7910333100e-02 -1.5477233374e+00  1.3816928776e+00 -7.5354094470e-01  5.9164822100e-01  9.6800925370e-01  4.7025252240e-01  1.8304993896e+00  1.4712486853e+00  9.9158597150e-01  2.0361229020e-01 -1.2892797536e+00  1.1741219040e-01  9.0641478670e-01
ENERGY -1.345231765000e+02

JOB 13
COORDS -4.5341650750e-01 -5.6180454600e-02 -1.1198257189e+00  9.0275143210e-01  2.3543659270e-01  7.8120002360e-01 -4.4603459470e-01  2.3323518940e-01  2.8712723870e-01 -2.7704304600e-02 -1.0561639983e+00 -1.3707578536e+00  1.4275813930e-01  7.0012312060e-01 -1.6673913187e+00 -1.4809274369e+00 -2.0745211700e-02 -1.5239132942e+00  1.4221502245e+00 -7.4440435660e-01  6.6161590560e-01  9.2887076400e-01  4.9744636580e-01  1.8540405193e+00  1.5047459974e+00  9.9297900720e-01  2.4177188670e-01 -1.2473937137e+00  9.3573745300e-02  8.8023261170e-01
ENERGY -1.345280151200e+02

JOB 14
COORDS -4.7234608830e-01 -5.9433671400e-02 -1.1452620906e+00  9.2054285170e-01  2.4008126110e-01  8.0723381870e-01 -4.0367055200e-01  2.0880491450e-01  2.6065436760e-01 -8.9415571700e-02 -1.0668062311e+00 -1.4349472325e+00  1.2155732610e-01  6.8836456780e-01 -1.7077634524e+00 -1.5155337248e+00  1.4926884300e-02 -1.4987251576e+00  1.4627178817e+00 -7.3304883100e-01  7.4077212430e-01  8.8870062150e-01  5.3191355190e-01  1.8714360606e+00  1.5368880900e+00  9.9270635480e-01  2.7619207920e-01 -1.2036408342e+00  5.7791199000e-02  8.5450948270e-01
ENERGY -1.345305004400e+02

JOB 15
COORDS -4.9056488490e-01 -6.2086416500e-02 -1.1700481976e+00  9.3788039630e-01  2.4507490840e-01  8.3228975720e-01 -3.6067979750e-01  1.8140609800e-01  2.3418908960e-01 -1.5743478780e-01 -1.0755692905e+00 -1.4984735657e+00  1.0300813890e-01  6.7598785850e-01 -1.7459190811e+00 -1.5451930043e+00  5.6343226500e-02 -1.4722146383e+00  1.5002733663e+00 -7.1911003610e-01  8.2523693740e-01  8.4814313570e-01  5.7098659240e-01  1.8826701904e+00  1.5679512211e+00  9.9099682840e-01  3.0758039070e-01 -1.1575837838e+00  1.1270230900e-02  8.2878911750e-01
ENERGY -1.345310263600e+02

JOB 16
COORDS -5.0813809270e-01 -6.4056399100e-02 -1.1937075816e+00  9.5428784510e-01  2.5041157040e-01  8.5626450380e-01 -3.1672304180e-01  1.5459975070e-01  2.0694233890e-01 -2.2634706910e-01 -1.0816249347e+00 -1.5561785508e+00  8.3692609400e-02  6.6348216550e-01 -1.7845684776e+00 -1.5702725735e+00  9.7104234900e-02 -1.4440560078e+00  1.5317218672e+00 -7.0358447860e-01  9.0821405290e-01  8.0768305240e-01  6.0844024790e-01  1.8892697150e+00  1.5992348692e+00  9.8937247410e-01  3.3985916210e-01 -1.1093394660e+00 -3.8844631200e-02  8.0206084500e-01
ENERGY -1.345298491100e+02

JOB 17
COORDS -5.2500293360e-01 -6.5398727000e-02 -1.2159730597e+00  9.6954652620e-01  2.5597725820e-01  8.7902814310e-01 -2.7169393150e-01  1.3122252130e-01  1.7840501070e-01 -2.9196226220e-01 -1.0854576395e+00 -1.6050307472e+00  6.0985175100e-02  6.5134642990e-01 -1.8253913155e+00 -1.5915607401e+00  1.3276647610e-01 -1.4144409628e+00  1.5557185381e+00 -6.8814763490e-01  9.8497634690e-01  7.6786866990e-01  6.4011882820e-01  1.8929145279e+00  1.6313504944e+00  9.8902482530e-01  3.7588557680e-01 -1.0594495363e+00 -8.6152337500e-02  7.7372647990e-01
ENERGY -1.345271330600e+02

JOB 18
COORDS -5.4116452240e-01 -6.6017671700e-02 -1.2366866854e+00  9.8349319820e-01  2.6183214380e-01  9.0051865900e-01 -2.2574639520e-01  1.1157038800e-01  1.4864100660e-01 -3.5365946630e-01 -1.0878191597e+00 -1.6449222969e+00  3.5056985300e-02  6.3966986710e-01 -1.8676805433e+00 -1.6095011167e+00  1.6367614400e-01 -1.3840917161e+00  1.5724787465e+00 -6.7363835610e-01  1.0550626281e+00  7.2917304030e-01  6.6656535790e-01  1.8941699094e+00  1.6636845757e+00  9.8987661740e-01  4.1526573360e-01 -1.0080150454e+00 -1.3041533060e-01  7.4382330500e-01
ENERGY -1.345230002000e+02

JOB 19
COORDS -5.5679922630e-01 -6.5489531100e-02 -1.2556225610e+00  9.9579754670e-01  2.6836814930e-01  9.2074664670e-01 -1.7908371510e-01  9.4356817300e-02  1.1799299060e-01 -4.1317097900e-01 -1.0888725237e+00 -1.6767812016e+00  7.8182512000e-03  6.2819083340e-01 -1.9096381268e+00 -1.6241445521e+00  1.9313248940e-01 -1.3538708555e+00  1.5823066612e+00 -6.5978154550e-01  1.1204010596e+00  6.9191179070e-01  6.9115823210e-01  1.8926861100e+00  1.6952413510e+00  9.9104043160e-01  4.5572530540e-01 -9.5407712820e-01 -1.7680335280e-01  7.1246063270e-01
ENERGY -1.345175605200e+02

JOB 20
COORDS -5.7220752060e-01 -6.3101871200e-02 -1.2724479910e+00  1.0059474958e+00  2.7625153870e-01  9.3974776930e-01 -1.3180497500e-01  7.8578568000e-02  8.6685246600e-02 -4.7244840200e-01 -1.0882982682e+00 -1.7006592951e+00 -1.8991386400e-02  6.1651749750e-01 -1.9500673810e+00 -1.6355918690e+00  2.2455727170e-01 -1.3245400935e+00  1.5845503785e+00 -6.4597819840e-01  1.1827609307e+00  6.5627146670e-01  7.1738068470e-01  1.8881038912e+00  1.7255469351e+00  9.9164865710e-01  4.9535796470e-01 -8.9547212300e-01 -2.3225587980e-01  6.7915895820e-01
ENERGY -1.345109284200e+02

JOB 21
COORDS -5.8783464890e-01 -5.8066014200e-02 -1.2868491769e+00  1.0133964179e+00  2.8616001390e-01  9.5749884450e-01 -8.4041100500e-02  6.4872935400e-02  5.4484124800e-02 -5.3127771830e-01 -1.0855963557e+00 -1.7154673051e+00 -4.6041030800e-02  6.0508475310e-01 -1.9890182207e+00 -1.6448479954e+00  2.5851669060e-01 -1.2964728411e+00  1.5766879800e+00 -6.3254626770e-01  1.2426916688e+00  6.2261068420e-01  7.4784677450e-01  1.8804002229e+00  1.7555451400e+00  9.9040381290e-01  5.3371125490e-01 -8.2839772820e-01 -3.0137634280e-01  6.4312142800e-01
ENERGY -1.345032357200e+02

JOB 22
COORDS -4.3436264280e-01 -2.7474622200e-02 -1.0720510951e+00  8.7045777550e-01  2.5486015860e-01  7.2240317940e-01 -5.4062996180e-01  3.0724508780e-01  3.4235006420e-01  8.3459196000e-02 -9.9312783350e-01 -1.2690675603e+00  1.3036608730e-01  7.7080511650e-01 -1.5813972062e+00 -1.4301729695e+00 -7.8394293400e-02 -1.5518009626e+00  1.3590202940e+00 -7.1930142000e-01  4.9561253430e-01  1.0019007059e+00  4.5206905820e-01  1.8031437663e+00  1.4189769230e+00  1.0430132551e+00  1.7989422060e-01 -1.2132154077e+00 -1.3439450720e-01  9.5501305940e-01
ENERGY -1.345242354700e+02

JOB 23
COORDS -4.5559078310e-01 -3.0543067300e-02 -1.0926575442e+00  8.9130020200e-01  2.6081638800e-01  7.5222103180e-01 -4.9510821740e-01  2.8377454060e-01  3.2346627470e-01  2.7960322800e-02 -1.0079728999e+00 -1.3244245626e+00  1.1280004540e-01  7.5611169070e-01 -1.6186598764e+00 -1.4731904093e+00 -4.5852254900e-02 -1.5236878984e+00  1.4057140094e+00 -7.1003198120e-01  5.6323389730e-01  9.7592048380e-01  4.8418472750e-01  1.8313240005e+00  1.4476492543e+00  1.0445823860e+00  2.0928353330e-01 -1.1916549078e+00 -1.5976952950e-01  9.0400114400e-01
ENERGY -1.345305238800e+02

JOB 24
COORDS -4.7533483380e-01 -3.4605760800e-02 -1.1171372091e+00  9.0885907180e-01  2.6484386100e-01  7.7861396890e-01 -4.5248226730e-01  2.6337082500e-01  2.9596755940e-01 -2.3419663300e-02 -1.0195149886e+00 -1.3833086129e+00  8.7829581200e-02  7.4488034370e-01 -1.6613385738e+00 -1.5115305628e+00 -2.2158893500e-02 -1.4988032253e+00  1.4467852576e+00 -7.0146270530e-01  6.3026607600e-01  9.3763904580e-01  5.0769684200e-01  1.8555164982e+00  1.4812940406e+00  1.0463208688e+00  2.4708748120e-01 -1.1538396698e+00 -1.7407039230e-01  8.7723603740e-01
ENERGY -1.345338923600e+02

JOB 25
COORDS -4.9417715620e-01 -3.8576685500e-02 -1.1416839907e+00  9.2651520820e-01  2.6877076620e-01  8.0404535370e-01 -4.0964068300e-01  2.4069633790e-01  2.6828164940e-01 -8.0727188700e-02 -1.0306336602e+00 -1.4437733785e+00  6.3610996000e-02  7.3351940100e-01 -1.7031583535e+00 -1.5462084001e+00  5.8945907000e-03 -1.4723276157e+00  1.4870296755e+00 -6.9147084420e-01  7.0337083560e-01  8.9774761780e-01  5.3461130780e-01  1.8748272906e+00  1.5145207294e+00  1.0474035786e+00  2.8395530370e-01 -1.1128707991e+00 -1.9491479240e-01  8.5056290530e-01
ENERGY -1.345350719000e+02

JOB 26
COORDS -5.1215631890e-01 -4.2317527700e-02 -1.1656498471e+00  9.4385613290e-01  2.7267088960e-01  8.2845262360e-01 -3.6612798550e-01  2.1754152400e-01  2.4016844180e-01 -1.4076285390e-01 -1.0403296142e+00 -1.5018407997e+00  3.8917139700e-02  7.2217534220e-01 -1.7448619033e+00 -1.5768377940e+00  3.4937028800e-02 -1.4440287080e+00  1.5239389153e+00 -6.8019423650e-01  7.7807485690e-01  8.5725688980e-01  5.6152012660e-01  1.8896199739e+00  1.5474918069e+00  1.0485350118e+00  3.2122782470e-01 -1.0697759323e+00 -2.1923854470e-01  8.2293753710e-01
ENERGY -1.345344364900e+02

JOB 27
COORDS -5.2923786060e-01 -4.5779845900e-02 -1.1886545009e+00  9.6053807930e-01  2.7651282100e-01  8.5168897800e-01 -3.2172498360e-01  1.9607351220e-01  2.1113826920e-01 -1.9988798600e-01 -1.0482754936e+00 -1.5543465505e+00  1.1986164700e-02  7.1112029300e-01 -1.7874654509e+00 -1.6034547142e+00  6.1299737400e-02 -1.4140116128e+00  1.5556631537e+00 -6.6848585110e-01  8.4999317150e-01  8.1681857970e-01  5.8489284290e-01  1.9007077206e+00  1.5805581095e+00  1.0504594239e+00  3.6079423340e-01 -1.0254585426e+00 -2.4251743980e-01  7.9425574250e-01
ENERGY -1.345322381600e+02

JOB 28
COORDS -5.4540787110e-01 -4.8911620400e-02 -1.2104474798e+00  9.7632309400e-01  2.8029405130e-01  8.7366049150e-01 -2.7643966280e-01  1.7727916240e-01  1.8104138460e-01 -2.5621447660e-01 -1.0547703936e+00 -1.6000229720e+00 -1.7746675700e-02  7.0048795330e-01 -1.8308684926e+00 -1.6262765086e+00  8.3667403600e-02 -1.3827289173e+00  1.5816554238e+00 -6.5717237310e-01  9.1705751020e-01  7.7698358960e-01  6.0357992290e-01  1.9086896364e+00  1.6134262808e+00  1.0533699855e+00  4.0312748830e-01 -9.8050319340e-01 -2.6252409190e-01  7.6459135070e-01
ENERGY -1.345286475200e+02

JOB 29
COORDS -5.6090362200e-01 -5.1555063300e-02 -1.2311940971e+00  9.9078069500e-01  2.8402697290e-01  8.9428198720e-01 -2.3085324000e-01  1.6070459350e-01  1.4957404720e-01 -3.0922998430e-01 -1.0598437229e+00 -1.6397580307e+00 -5.0001214500e-02  6.9089598940e-01 -1.8738717174e+00 -1.6457509937e+00  1.0241089120e-01 -1.3513142814e+00  1.6013551670e+00 -6.4694123610e-01  9.7993348440e-01  7.3767185460e-01  6.1926960330e-01  1.9133704740e+00  1.6457168260e+00  1.0562510537e+00  4.4699264670e-01 -9.3298548810e-01 -2.7991908180e-01  7.3608548710e-01
ENERGY -1.345237878400e+02

JOB 30
COORDS -5.7564541590e-01 -5.3446889800e-02 -1.2498889684e+00  1.0039849881e+00  2.8816658630e-01  9.1372533820e-01 -1.8440936520e-01  1.4556295000e-01  1.1801721280e-01 -3.6089484830e-01 -1.0641582902e+00 -1.6727110107e+00 -8.2504899600e-02  6.8117451050e-01 -1.9152175604e+00 -1.6617028104e+00  1.2077296270e-01 -1.3193745352e+00  1.6162160103e+00 -6.3695888520e-01  1.0388460087e+00  7.0019364490e-01  6.3349007350e-01  1.9152885637e+00  1.6759871804e+00  1.0596034490e+00  4.9080363350e-01 -8.8542448430e-01 -2.9890646680e-01  7.0461131810e-01
ENERGY -1.345177692900e+02

JOB 31
COORDS -5.8993709230e-01 -5.4184887600e-02 -1.2666045734e+00  1.0153598454e+00  2.9298796220e-01  9.3196424320e-01 -1.3765557380e-01  1.3118603160e-01  8.6174465300e-02 -4.1181005970e-01 -1.0674102738e+00 -1.6994048218e+00 -1.1429308390e-01  6.7160401540e-01 -1.9540677144e+00 -1.6745571342e+00  1.4032197970e-01 -1.2880231625e+00  1.6253809990e+00 -6.2725949750e-01  1.0949756926e+00  6.6417953320e-01  6.4848622750e-01  1.9142864119e+00  1.7041224970e+00  1.0625788621e+00  5.3323181000e-01 -8.3498993080e-01 -3.2301041960e-01  6.7156764910e-01
ENERGY -1.345106907000e+02

JOB 32
COORDS -6.0399979000e-01 -5.3278127800e-02 -1.2810504344e+00  1.0244659713e+00  2.9893797660e-01  9.4900704690e-01 -9.0750459200e-02  1.1770364450e-01  5.4109078200e-02 -4.6249092900e-01 -1.0694575099e+00 -1.7190604825e+00 -1.4471219620e-01  6.6197590130e-01 -1.9903081471e+00 -1.6847942161e+00  1.6245736750e-01 -1.2577664219e+00  1.6279432756e+00 -6.1777860050e-01  1.1485219686e+00  6.2967397440e-01  6.6572184380e-01  1.9106674592e+00  1.7302197803e+00  1.0648883857e+00  5.7371373030e-01 -7.7975541100e-01 -3.5587088130e-01  6.3626620280e-01
ENERGY -1.345026615000e+02

JOB 33
COORDS -4.5698382740e-01 -8.7484761000e-03 -1.0732868497e+00  8.6728842450e-01  2.7838067770e-01  7.3143358330e-01 -5.5562393850e-01  3.6793128790e-01  3.4219678340e-01  5.6270873200e-02 -9.7917799070e-01 -1.2486968527e+00  1.0461883750e-01  7.7683172730e-01 -1.6036681148e+00 -1.4593363890e+00 -6.4679203500e-02 -1.5370267172e+00  1.3269766647e+00 -7.0941140390e-01  5.1206280150e-01  9.8812033500e-01  4.8080521450e-01  1.8116725057e+00  1.4379267616e+00  1.0493407046e+00  1.8845903800e-01 -1.0634577417e+00 -3.1597253780e-01  9.0095382250e-01
ENERGY -1.345296407400e+02

JOB 34
COORDS -4.7498273250e-01 -1.4656424500e-02 -1.0912311569e+00  8.8951428970e-01  2.8399605810e-01  7.5921245260e-01 -5.0301170930e-01  3.5383190080e-01  3.2248486280e-01  1.4060536000e-02 -9.9469702230e-01 -1.2911482583e+00  7.8381036800e-02  7.5823672130e-01 -1.6511657990e+00 -1.5000920202e+00 -5.0527286200e-02 -1.5011921689e+00  1.3763800022e+00 -6.9640963920e-01  5.5577883730e-01  9.6532737820e-01  4.8881660710e-01  1.8420373474e+00  1.4680465743e+00  1.0627370718e+00  2.3391440790e-01 -1.0678233554e+00 -3.1602798700e-01  8.4540947510e-01
ENERGY -1.345349244500e+02

JOB 35
COORDS -4.9362683640e-01 -1.9790546700e-02 -1.1161501700e+00  9.0772985590e-01  2.8688631340e-01  7.8450500110e-01 -4.5910623740e-01  3.3604295630e-01  2.9266277390e-01 -2.7453607200e-02 -1.0055205660e+00 -1.3472418588e+00  4.6187724500e-02  7.4834281660e-01 -1.6972519332e+00 -1.5370191864e+00 -3.7282384300e-02 -1.4757384680e+00  1.4175178676e+00 -6.8930291420e-01  6.1258887130e-01  9.2751715510e-01  5.0207907530e-01  1.8668994572e+00  1.5031218420e+00  1.0671705796e+00  2.7876529730e-01 -1.0390685778e+00 -3.1332533000e-01  8.2506102920e-01
ENERGY -1.345371442900e+02

JOB 36
COORDS -5.1133838320e-01 -2.4968260500e-02 -1.1408291071e+00  9.2625780990e-01  2.8964220360e-01  8.0897446230e-01 -4.1494062280e-01  3.1623559930e-01  2.6329744400e-01 -7.4418730800e-02 -1.0167134957e+00 -1.4048832313e+00  1.4353484900e-02  7.3833861610e-01 -1.7421463519e+00 -1.5706901788e+00 -2.0305783200e-02 -1.4483671270e+00  1.4589401100e+00 -6.8114569670e-01  6.7480257320e-01  8.8888402930e-01  5.1795916180e-01  1.8875393956e+00  1.5370257823e+00  1.0715676367e+00  3.2304546940e-01 -1.0082733008e+00 -3.1530998130e-01  8.0266647290e-01
ENERGY -1.345372575800e+02

JOB 37
COORDS -5.2819854360e-01 -3.0012282900e-02 -1.1649099262e+00  9.4446319880e-01  2.9227214250e-01  8.3245298830e-01 -3.7048840460e-01  2.9500077140e-01  2.3394907910e-01 -1.2493488370e-01 -1.0272919051e+00 -1.4617123342e+00 -1.7107744700e-02  7.2858594500e-01 -1.7853651586e+00 -1.6005722391e+00 -1.1166706000e-03 -1.4196806044e+00  1.4984057401e+00 -6.7203214490e-01  7.4001555600e-01  8.4984178030e-01  5.3514365900e-01  1.9038018536e+00  1.5694366257e+00  1.0757930391e+00  3.6645594980e-01 -9.7504552930e-01 -3.2104255340e-01  7.7909259660e-01
ENERGY -1.345356430300e+02

JOB 38
COORDS -5.4422585250e-01 -3.4795514200e-02 -1.1879842264e+00  9.6193970390e-01  2.9482110330e-01  8.5481942780e-01 -3.2556140460e-01  2.7340965510e-01  2.0430805600e-01 -1.7684901100e-01 -1.0366839379e+00 -1.5153677792e+00 -4.8645910100e-02  7.1916868080e-01 -1.8270536074e+00 -1.6264855863e+00  1.8424922400e-02 -1.3898713776e+00  1.5342807784e+00 -6.6221199620e-01  8.0542766670e-01  8.1091107280e-01  5.5183653390e-01  1.9159557399e+00  1.6003354212e+00  1.0800397170e+00  4.0945030140e-01 -9.3989921190e-01 -3.2870916430e-01  7.5441579880e-01
ENERGY -1.345325702400e+02

JOB 39
COORDS -5.5943136440e-01 -3.9216830100e-02 -1.2097537622e+00  9.7838783050e-01  2.9732686010e-01  8.7598173750e-01 -2.8006257170e-01  2.5234985950e-01  1.7415966250e-01 -2.2844119400e-01 -1.0447161999e+00 -1.5642817083e+00 -8.0644107100e-02  7.1012242750e-01 -1.8673052899e+00 -1.6484962520e+00  3.7017660500e-02 -1.3591856568e+00  1.5655940570e+00 -6.5210092430e-01  8.6895801580e-01  7.7250023580e-01  5.6684016720e-01  1.9243981254e+00  1.6296864617e+00  1.0844194601e+00  4.5240638430e-01 -9.0329309570e-01 -3.3674248060e-01  7.2872249170e-01
ENERGY -1.345282276500e+02

JOB 40
COORDS -5.7388191640e-01 -4.3131602600e-02 -1.2299784652e+00  9.9353997510e-01  2.9989053640e-01  8.9590720130e-01 -2.3408371000e-01  2.3194707900e-01  1.4355140860e-01 -2.7908993070e-01 -1.0514474168e+00 -1.6078365773e+00 -1.1279736140e-01  7.0146945530e-01 -1.9057143311e+00 -1.6668102906e+00  5.4704932900e-02 -1.3280768634e+00  1.5919652774e+00 -6.4197672060e-01  9.2986503770e-01  7.3496527370e-01  5.8032108460e-01  1.9294378076e+00  1.6571994628e+00  1.0888241539e+00  4.9492219320e-01 -8.6520677990e-01 -3.4530150210e-01  7.0202258860e-01
ENERGY -1.345227544500e+02

JOB 41
COORDS -5.8768702530e-01 -4.6335756700e-02 -1.2484374198e+00  1.0071241157e+00  3.0268033410e-01  9.1459588230e-01 -1.8778994440e-01  2.1204080050e-01  1.1263083020e-01 -3.2878102840e-01 -1.0569463750e+00 -1.6457745721e+00 -1.4451049650e-01  6.9320437140e-01 -1.9418078692e+00 -1.6817389484e+00  7.2191248600e-02 -1.2970290304e+00  1.6131676500e+00 -6.3196102100e-01  9.8807932480e-01  6.9855858880e-01  5.9310699130e-01  1.9313549775e+00  1.6826135917e+00  1.0930610849e+00  5.3631008150e-01 -8.2515650330e-01 -3.5574167810e-01  6.7417779510e-01
ENERGY -1.345162624300e+02

JOB 42
COORDS -6.0096156230e-01 -4.8588238800e-02 -1.2649323568e+00  1.0188818768e+00  3.0590620060e-01  9.3205221240e-01 -1.4133247100e-01  1.9263056610e-01  8.1509594500e-02 -3.7756166190e-01 -1.0612459340e+00 -1.6777649606e+00 -1.7531156080e-01  6.8527571670e-01 -1.9753669559e+00 -1.6936788715e+00  9.0197210700e-02 -1.2664401517e+00  1.6288803183e+00 -6.2214660660e-01  1.0435608089e+00  6.6342295960e-01  6.0603676760e-01  1.9304835428e+00  1.7058759167e+00  1.0969638680e+00  5.7607704650e-01 -7.8241494410e-01 -3.6972955020e-01  6.4492121990e-01
ENERGY -1.345088545100e+02

JOB 43
COORDS -6.1410282080e-01 -4.9609978800e-02 -1.2798401060e+00  1.0284114048e+00  3.0971165590e-01  9.4834514230e-01 -9.5473125700e-02  1.7389486500e-01  4.9529916300e-02 -4.2435851930e-01 -1.0637589179e+00 -1.7047415770e+00 -2.0610571430e-01  6.7881360810e-01 -2.0062064415e+00 -1.7036092058e+00  1.0780941040e-01 -1.2370761168e+00  1.6370777520e+00 -6.1345270960e-01  1.0971992883e+00  6.2911222620e-01  6.2113838450e-01  1.9266866122e+00  1.7281698642e+00  1.0991076959e+00  6.1377435410e-01 -7.3332186120e-01 -3.8835401360e-01  6.1642892800e-01
ENERGY -1.345006351800e+02

JOB 44
COORDS -4.7822311970e-01  4.5050471000e-03 -1.0722857901e+00  8.6194171450e-01  2.9633417080e-01  7.4743289820e-01 -5.6583588400e-01  4.5271494350e-01  3.3607921230e-01  2.6341776600e-02 -9.7543286100e-01 -1.1985293295e+00  7.9759420300e-02  7.5478361550e-01 -1.6576848780e+00 -1.4895466430e+00 -6.8449519500e-02 -1.5119822657e+00  1.2755731816e+00 -7.0737261080e-01  5.2042667500e-01  9.6123949340e-01  4.7762957400e-01  1.8328090447e+00  1.4831867910e+00  1.0477444497e+00  2.3050227490e-01 -9.0863673080e-01 -4.0715680930e-01  7.9733215800e-01
ENERGY -1.345237591100e+02

JOB 45
COORDS -4.9063773550e-01 -1.3539835000e-03 -1.0888096893e+00  8.8195430990e-01  3.0124012550e-01  7.6989948750e-01 -5.0562009040e-01  4.4162005310e-01  3.1218409820e-01 -5.6378100000e-04 -9.8782872300e-01 -1.2376490912e+00  4.8210017300e-02  7.3844232910e-01 -1.7067876493e+00 -1.5237365828e+00 -6.2860783400e-02 -1.4734763068e+00  1.3238751454e+00 -6.9530603550e-01  5.5273849290e-01  9.3809614070e-01  4.7822339900e-01  1.8583148113e+00  1.5126402655e+00  1.0630690053e+00  2.7871243930e-01 -9.3841768900e-01 -3.9994538660e-01  7.5897340730e-01
ENERGY -1.345297240700e+02

JOB 46
COORDS -5.0802962320e-01 -7.5226954000e-03 -1.1158668471e+00  9.0183741900e-01  3.0285937890e-01  7.9421450050e-01 -4.5990476980e-01  4.2759297980e-01  2.7838999170e-01 -3.0595651800e-02 -9.9730150070e-01 -1.2924332201e+00  6.2335603000e-03  7.3010688990e-01 -1.7577542733e+00 -1.5589551793e+00 -6.0574779100e-02 -1.4473183002e+00  1.3650388081e+00 -6.9011911910e-01  5.9874496980e-01  8.9913527760e-01  4.8079916720e-01  1.8829952516e+00  1.5500649496e+00  1.0697862786e+00  3.3354639610e-01 -9.1902479050e-01 -3.8032660010e-01  7.4958153090e-01
ENERGY -1.345323156100e+02

JOB 47
COORDS -5.2436413260e-01 -1.3817610700e-02 -1.1416198792e+00  9.2211356760e-01  3.0467408930e-01  8.1794475480e-01 -4.1350605650e-01  4.0967582220e-01  2.4726255550e-01 -6.8099957200e-02 -1.0087223258e+00 -1.3493027564e+00 -3.2850760300e-02  7.2115690300e-01 -1.8045900845e+00 -1.5907508531e+00 -5.1540658500e-02 -1.4191088435e+00  1.4090015491e+00 -6.8348642400e-01  6.5174013530e-01  8.6180868490e-01  4.8847668480e-01  1.9033870382e+00  1.5833819052e+00  1.0770344584e+00  3.8495120220e-01 -9.0093394720e-01 -3.6815093870e-01  7.3343587760e-01
ENERGY -1.345326803000e+02

JOB 48
COORDS -5.4006123160e-01 -1.9917813700e-02 -1.1665111361e+00  9.4161868120e-01  3.0632716350e-01  8.4073842560e-01 -3.6786689330e-01  3.8773985870e-01  2.1712214100e-01 -1.1145748270e-01 -1.0203651413e+00 -1.4077014210e+00 -6.8932821200e-02  7.1317136540e-01 -1.8465365892e+00 -1.6187919224e+00 -3.7196468300e-02 -1.3911935987e+00  1.4523548722e+00 -6.7603572190e-01  7.1081388270e-01  8.2477850470e-01  5.0084285980e-01  1.9191412786e+00  1.6129702916e+00  1.0835027338e+00  4.3195812010e-01 -8.7881199850e-01 -3.6276883620e-01  7.1626889690e-01
ENERGY -1.345312135300e+02

JOB 49
COORDS -5.5510556170e-01 -2.5702674000e-02 -1.1901076149e+00  9.6006204860e-01  3.0791575330e-01  8.6250822710e-01 -3.2260789750e-01  3.6288859400e-01  1.8775314270e-01 -1.5886577410e-01 -1.0313141965e+00 -1.4650475467e+00 -1.0227127260e-01  7.0601545660e-01 -1.8842033002e+00 -1.6429950590e+00 -1.9333293900e-02 -1.3633171537e+00  1.4933788451e+00 -6.6751336500e-01  7.7326786240e-01  7.8844296880e-01  5.1603487930e-01  1.9305808060e+00  1.6392364924e+00  1.0894708476e+00  4.7503802130e-01 -8.5347478990e-01 -3.6316200130e-01  6.9762755600e-01
ENERGY -1.345282144500e+02

JOB 50
COORDS -5.6945929500e-01 -3.1064842200e-02 -1.2121490776e+00  9.7719152800e-01  3.0948571010e-01  8.8311717550e-01 -2.7737949800e-01  3.3656153550e-01  1.5864623070e-01 -2.0812667720e-01 -1.0408984500e+00 -1.5191572579e+00 -1.3375247280e-01  6.9951430310e-01 -1.9185755009e+00 -1.6634238632e+00 -8.4150400000e-05 -1.3352135279e+00  1.5305854836e+00 -6.5805865360e-01  8.3629664580e-01  7.5283781400e-01  5.3194241050e-01  1.9381249615e+00  1.6628765751e+00  1.0951066388e+00  5.1533912070e-01 -8.2554959460e-01 -3.6720450160e-01  6.7767123000e-01
ENERGY -1.345239095200e+02

JOB 51
COORDS -5.8310574730e-01 -3.5890304000e-02 -1.2324358680e+00  9.9280701230e-01  3.1110329470e-01  9.0247181620e-01 -2.3197408260e-01  3.0980194130e-01  1.2947892770e-01 -2.5764065760e-01 -1.0488686680e+00 -1.5685840497e+00 -1.6400588930e-01  6.9350802790e-01 -1.9503023758e+00 -1.6802818367e+00  1.9238344200e-02 -1.3068226377e+00  1.5630681175e+00 -6.4797445840e-01  8.9795179090e-01  7.1804613640e-01  5.4731615970e-01  1.9422208920e+00  1.6843316143e+00  1.1004858999e+00  5.5366240010e-01 -7.9544466710e-01 -3.7342023710e-01  6.5645910450e-01
ENERGY -1.345184718700e+02

JOB 52
COORDS -5.9606874060e-01 -4.0039289500e-02 -1.2508008142e+00  1.0067228873e+00  3.1287281710e-01  9.2052018760e-01 -1.8637001480e-01  2.8313442780e-01  1.0015008710e-01 -3.0653931320e-01 -1.0552258582e+00 -1.6125298084e+00 -1.9321589610e-01  6.8790428580e-01 -1.9796234321e+00 -1.6938801010e+00  3.8238813600e-02 -1.2783239462e+00  1.5903431302e+00 -6.3755910020e-01  9.5719957230e-01  6.8420122040e-01  5.6185856100e-01  1.9432910762e+00  1.7037845932e+00  1.1055968261e+00  5.9026578950e-01 -7.6317776530e-01 -3.8148148350e-01  6.3395128820e-01
ENERGY -1.345120458900e+02

JOB 53
COORDS -6.0841196770e-01 -4.3325538300e-02 -1.2670876946e+00  1.0187446249e+00  3.1495122260e-01  9.3724060950e-01 -1.4065125270e-01  2.5683273740e-01  7.0676948200e-02 -3.5443856390e-01 -1.0600505078e+00 -1.6504888532e+00 -2.2130590620e-01  6.8263078650e-01 -2.0066094751e+00 -1.7046138179e+00  5.7111044300e-02 -1.2500035920e+00  1.6120658706e+00 -6.2705411440e-01  1.0135581222e+00  6.5142125900e-01  5.7587657450e-01  1.9417451977e+00  1.7213366036e+00  1.1103732058e+00  6.2511149620e-01 -7.2834684970e-01 -3.9204541060e-01  6.0995724110e-01
ENERGY -1.345047618400e+02

JOB 54
COORDS -6.2023517650e-01 -4.5495031700e-02 -1.2811320217e+00  1.0286481227e+00  3.1756574130e-01  9.5262967830e-01 -9.4946498200e-02  2.3116472410e-01  4.1111168400e-02 -4.0119484020e-01 -1.0634231064e+00 -1.6819454045e+00 -2.4810935090e-01  6.7759144720e-01 -2.0313374070e+00 -1.7129542787e+00  7.6379466400e-02 -1.2221754881e+00  1.6278075576e+00 -6.1666550590e-01  1.0667682185e+00  6.1977688600e-01  5.9001386430e-01  1.9380031552e+00  1.7371254707e+00  1.1147119833e+00  6.5808392640e-01 -6.9011789240e-01 -4.0654358260e-01  5.8409417450e-01
ENERGY -1.344967503400e+02

JOB 55
COORDS -5.0029892430e-01  1.2308476700e-02 -1.0730595082e+00  8.5752682460e-01  3.0754526840e-01  7.6733467170e-01 -5.6932063550e-01  5.5153532050e-01  3.1970402460e-01  4.7309109000e-03 -9.7086792530e-01 -1.1459694663e+00  3.7002023200e-02  7.1686782190e-01 -1.7343512206e+00 -1.5244067742e+00 -9.2792490500e-02 -1.4733984432e+00  1.2246954968e+00 -7.0799665010e-01  5.2151294460e-01  9.1786566550e-01  4.5035487360e-01  1.8604660623e+00  1.5459093632e+00  1.0373305854e+00  3.0201476180e-01 -7.4790395010e-01 -4.2898528060e-01  6.7984617330e-01
ENERGY -1.345015697700e+02

JOB 56
COORDS -5.0261422320e-01  9.1646004000e-03 -1.0840675392e+00  8.7226314940e-01  3.1375435540e-01  7.7878117060e-01 -4.9616189220e-01  5.3801614510e-01  2.9138334420e-01 -7.4181225000e-03 -9.7961648400e-01 -1.1833343422e+00  1.0963541400e-02  7.0634586630e-01 -1.7730929106e+00 -1.5451363662e+00 -8.4413681100e-02 -1.4342718430e+00  1.2708198512e+00 -6.9560728570e-01  5.4387299860e-01  8.9908299930e-01  4.5375255760e-01  1.8733770003e+00  1.5671073459e+00  1.0540274235e+00  3.3895282740e-01 -8.2310628300e-01 -4.4012349740e-01  6.7249929390e-01
ENERGY -1.345115464000e+02

JOB 57
COORDS -5.2039650230e-01  2.0687589000e-03 -1.1149662218e+00  8.9478127850e-01  3.1432638110e-01  8.0390607130e-01 -4.4959392870e-01  5.2694269640e-01  2.5349402930e-01 -2.9336260700e-02 -9.8790672800e-01 -1.2372520421e+00 -4.2751665600e-02  6.9793306080e-01 -1.8303450807e+00 -1.5799818960e+00 -9.1176578400e-02 -1.4062039937e+00  1.3114300356e+00 -6.9227164030e-01  5.8192388700e-01  8.5637318160e-01  4.4722072150e-01  1.8980062237e+00  1.6077003208e+00  1.0614292049e+00  4.0668904480e-01 -8.0242456310e-01 -4.0326587680e-01  6.6884808230e-01
ENERGY -1.345165380100e+02

JOB 58
COORDS -5.3559431440e-01 -4.8379862000e-03 -1.1419263541e+00  9.1685859400e-01  3.1587228580e-01  8.2723601980e-01 -4.0096482270e-01  5.0808746390e-01  2.2167633540e-01 -6.1083676000e-02 -1.0000884480e+00 -1.2941682982e+00 -8.6166752900e-02  6.8995323510e-01 -1.8762284238e+00 -1.6091607342e+00 -8.4706643500e-02 -1.3778988191e+00  1.3579354962e+00 -6.8673324730e-01  6.2949771020e-01  8.2100730200e-01  4.5178042720e-01  1.9167104799e+00  1.6382587757e+00  1.0708106461e+00  4.6177663660e-01 -7.9528986760e-01 -3.8483773310e-01  6.5742471320e-01
ENERGY -1.345188895000e+02

JOB 59
COORDS -5.5059114210e-01 -1.1554650800e-02 -1.1679053055e+00  9.3763426500e-01  3.1703285270e-01  8.4978079350e-01 -3.5502975410e-01  4.8270125140e-01  1.9179580990e-01 -1.0066214990e-01 -1.0132526036e+00 -1.3548169356e+00 -1.2401077520e-01  6.8454730390e-01 -1.9142988914e+00 -1.6349303622e+00 -7.0798961400e-02 -1.3524446280e+00  1.4046367875e+00 -6.8089587430e-01  6.8601950620e-01  7.8690101660e-01  4.6391885030e-01  1.9310114977e+00  1.6632829926e+00  1.0791597962e+00  5.0885361930e-01 -7.8143087830e-01 -3.7555796440e-01  6.4610453410e-01
ENERGY -1.345191018700e+02

JOB 60
COORDS -5.6503283050e-01 -1.7980482700e-02 -1.1922447975e+00  9.5704126370e-01  3.1807872630e-01  8.7133915920e-01 -3.1042476240e-01  4.5254924940e-01  1.6382037160e-01 -1.4605251450e-01 -1.0261833488e+00 -1.4159435650e+00 -1.5678491040e-01  6.8080117780e-01 -1.9462172869e+00 -1.6571698760e+00 -5.1578908100e-02 -1.3283060168e+00  1.4500851980e+00 -6.7377153360e-01  7.4805306370e-01  7.5446723940e-01  4.8088669710e-01  1.9413215992e+00  1.6837538188e+00  1.0871744656e+00  5.4913207860e-01 -7.6408262620e-01 -3.7467604320e-01  6.3314539380e-01
ENERGY -1.345175085300e+02

JOB 61
COORDS -5.7880409050e-01 -2.4011890100e-02 -1.2147879654e+00  9.7490706630e-01  3.1903230110e-01  8.9168893700e-01 -2.6640785930e-01  4.1989204190e-01  1.3667181380e-01 -1.9433806750e-01 -1.0376748670e+00 -1.4748318900e+00 -1.8625855480e-01  6.7807331150e-01 -1.9739487650e+00 -1.6759044260e+00 -3.0172363000e-02 -1.3044144079e+00  1.4923208755e+00 -6.6527706580e-01  8.1189148740e-01  7.2299618550e-01  4.9948135970e-01  1.9479459645e+00  1.7011637463e+00  1.0947976129e+00  5.8496416580e-01 -7.4387487550e-01 -3.7884044120e-01  6.1892065980e-01
ENERGY -1.345143834100e+02

JOB 62
COORDS -5.9181821070e-01 -2.9529103800e-02 -1.2353598053e+00  9.9107545320e-01  3.1995824680e-01  9.1068187450e-01 -2.2242996710e-01  3.8628681450e-01  1.0970710680e-01 -2.4337584520e-01 -1.0471922549e+00 -1.5295526812e+00 -2.1363813720e-01  6.7587398070e-01 -1.9987293110e+00 -1.6912562364e+00 -8.5368378000e-03 -1.2801921659e+00  1.5301092580e+00 -6.5562419710e-01  8.7488757990e-01  6.9221918860e-01  5.1771117690e-01  1.9512552851e+00  1.7163644775e+00  1.1019995790e+00  6.1791275470e-01 -7.2144998070e-01 -3.8564740430e-01  6.0348936230e-01
ENERGY -1.345099539400e+02

JOB 63
COORDS -6.0405070970e-01 -3.4400055400e-02 -1.2538122286e+00  1.0053943867e+00  3.2094972650e-01  9.2822719080e-01 -1.7828211660e-01  3.5260083040e-01  8.2629981800e-02 -2.9187724530e-01 -1.0546397992e+00 -1.5789563623e+00 -2.3952860200e-01  6.7394837540e-01 -2.0211564443e+00 -1.7034848670e+00  1.2451870000e-02 -1.2555541193e+00  1.5627518688e+00 -6.4515576890e-01  9.3549643710e-01  6.6211045650e-01  5.3475208410e-01  1.9516519473e+00  1.7297704260e+00  1.1087502174e+00  6.4876263750e-01 -6.9700359750e-01 -3.9395748030e-01  5.8681095980e-01
ENERGY -1.345044137900e+02

JOB 64
COORDS -6.1553219780e-01 -3.8460925100e-02 -1.2700156579e+00  1.0177078047e+00  3.2214250730e-01  9.4428402170e-01 -1.3398711770e-01  3.1924856830e-01  5.5389953200e-02 -3.3920172590e-01 -1.0601163044e+00 -1.6223751005e+00 -2.6410289970e-01  6.7218116940e-01 -2.0414653585e+00 -1.7129619171e+00  3.2705649200e-02 -1.2307012638e+00  1.5898332153e+00 -6.3420425690e-01  9.9295481050e-01  6.3275738930e-01  5.5061751450e-01  1.9495574620e+00  1.7415670493e+00  1.1150133114e+00  6.7776427000e-01 -6.7027960030e-01 -4.0382723380e-01  5.6870686340e-01
ENERGY -1.344979406800e+02

JOB 65
COORDS -6.2634104530e-01 -4.1497073900e-02 -1.2838442388e+00  1.0278404031e+00  3.2372996360e-01  9.5884735640e-01 -8.9672486400e-02  2.8649921530e-01  2.8037398000e-02 -3.8507344350e-01 -1.0637687014e+00 -1.6592886768e+00 -2.8733278040e-01  6.7049462460e-01 -2.0597795378e+00 -1.7201441663e+00  5.2598343900e-02 -1.2059396136e+00  1.6109714283e+00 -6.2306157050e-01  1.0468915814e+00  6.0425027190e-01  5.6580182400e-01  1.9454074944e+00  1.7518903971e+00  1.1207351075e+00  7.0494073130e-01 -6.4058857850e-01 -4.1623173310e-01  5.4882750560e-01
ENERGY -1.344907088500e+02

JOB 66
COORDS -5.1949992350e-01  1.2720241900e-02 -1.0745609783e+00  8.5579615110e-01  3.1637217120e-01  7.9002588080e-01 -5.4776636870e-01  6.6351496370e-01  3.0452390210e-01 -1.7788095000e-03 -9.6593638200e-01 -1.1022941386e+00 -2.8609947300e-02  6.6282957850e-01 -1.8263189075e+00 -1.5624561164e+00 -1.3272082910e-01 -1.4050545076e+00  1.1905897477e+00 -7.0267315920e-01  5.1428475040e-01  8.6806236200e-01  4.0391386710e-01  1.8901725435e+00  1.6132619774e+00  1.0253386922e+00  3.9968381460e-01 -6.2179907280e-01 -4.0805914440e-01  5.3363764050e-01
ENERGY -1.344655804200e+02

JOB 67
COORDS -5.1102361090e-01  1.9324821700e-02 -1.0796660909e+00  8.6218502380e-01  3.2251589360e-01  7.8209056230e-01 -4.7538852720e-01  6.3310190490e-01  2.5609172540e-01 -5.4714882000e-03 -9.6667871890e-01 -1.1450487721e+00 -3.1073125700e-02  6.7562306620e-01 -1.8345544873e+00 -1.5616295745e+00 -1.0701096970e-01 -1.3930943621e+00  1.2297269917e+00 -6.9395896730e-01  5.2959764080e-01  8.5314981350e-01  4.2614864110e-01  1.8807941771e+00  1.6182839047e+00  1.0397848690e+00  4.0159615510e-01 -7.3295940710e-01 -4.7355054060e-01  6.2629345160e-01
ENERGY -1.344814026800e+02

JOB 68
COORDS -5.3283143330e-01  8.5397390000e-03 -1.1140494635e+00  8.8943018330e-01  3.2256103680e-01  8.1421235900e-01 -4.2632609820e-01  6.2672206680e-01  2.2094288040e-01 -2.3882642300e-02 -9.7625617350e-01 -1.1937890758e+00 -1.0575755280e-01  6.5713572350e-01 -1.9051815683e+00 -1.6012501314e+00 -1.2574303060e-01 -1.3506534831e+00  1.2713158596e+00 -6.9028912770e-01  5.6220446020e-01  8.0398001420e-01  4.0530818120e-01  1.9102883316e+00  1.6645056289e+00  1.0479923401e+00  4.9489045000e-01 -6.9338382800e-01 -4.0067075560e-01  5.8523510960e-01
ENERGY -1.344907954600e+02

JOB 69
COORDS -5.4641218020e-01  2.3455165000e-03 -1.1410993174e+00  9.1161312220e-01  3.2426339050e-01  8.3564901880e-01 -3.7744556260e-01  6.0183834960e-01  1.8894166640e-01 -5.3400687500e-02 -9.8903339160e-01 -1.2516658863e+00 -1.4687537170e-01  6.5335691640e-01 -1.9438898563e+00 -1.6259839351e+00 -1.1581102090e-01 -1.3267171668e+00  1.3185646209e+00 -6.8611670220e-01  6.0840462520e-01  7.7237991010e-01  4.1372403730e-01  1.9249153661e+00  1.6888100009e+00  1.0586584464e+00  5.4487952000e-01 -6.9544991710e-01 -3.8792554210e-01  5.8468203040e-01
ENERGY -1.344963518300e+02

JOB 70
COORDS -5.6134118670e-01 -4.7551282000e-03 -1.1681175665e+00  9.3348948550e-01  3.2528853520e-01  8.5853197340e-01 -3.3257098310e-01  5.7134044840e-01  1.6080947970e-01 -9.1896959100e-02 -1.0039810004e+00 -1.3135349912e+00 -1.8493160680e-01  6.5106534080e-01 -1.9774097120e+00 -1.6498103863e+00 -1.0060379210e-01 -1.3044504354e+00  1.3671345940e+00 -6.8184166090e-01  6.6458079730e-01  7.4181901380e-01  4.2744511430e-01  1.9380527213e+00  1.7089525059e+00  1.0692156752e+00  5.9026394780e-01 -6.8504447720e-01 -3.7787353230e-01  5.7537378570e-01
ENERGY -1.344994447400e+02

JOB 71
COORDS -5.7545991190e-01 -1.1495688200e-02 -1.1931600099e+00  9.5370688490e-01  3.2613012790e-01  8.8003800840e-01 -2.8984246850e-01  5.3526609350e-01  1.3516773220e-01 -1.3660658370e-01 -1.0188872936e+00 -1.3768699411e+00 -2.1591139590e-01  6.5163381740e-01 -2.0035868610e+00 -1.6702082818e+00 -7.9500663500e-02 -1.2849424897e+00  1.4151733769e+00 -6.7626819000e-01  7.2698258430e-01  7.1400362820e-01  4.4690847110e-01  1.9475010148e+00  1.7239383003e+00  1.0799351749e+00  6.2640570300e-01 -6.7299354850e-01 -3.7842184940e-01  5.6656425880e-01
ENERGY -1.345003863000e+02

JOB 72
COORDS -5.8886280180e-01 -1.7932990300e-02 -1.2163098633e+00  9.7231388760e-01  3.2675801320e-01  9.0029285000e-01 -2.4803053030e-01  4.9648837410e-01  1.1064414120e-01 -1.8442571900e-01 -1.0322796128e+00 -1.4387820487e+00 -2.4289115430e-01  6.5345783540e-01 -2.0253976377e+00 -1.6874290051e+00 -5.6308824200e-02 -1.2659470704e+00  1.4606737708e+00 -6.6906027220e-01  7.9160723370e-01  6.8731933190e-01  4.6801491530e-01  1.9536724614e+00  1.7358516344e+00  1.0903419724e+00  6.5732520350e-01 -6.5871941400e-01 -3.8417941100e-01  5.5699473020e-01
ENERGY -1.344994910400e+02

JOB 73
COORDS -6.0141833230e-01 -2.3914262400e-02 -1.2373474321e+00  9.8913379740e-01  3.2726380380e-01  9.1907818650e-01 -2.0626810470e-01  4.5651572600e-01  8.6349678200e-02 -2.3318129830e-01 -1.0434260843e+00 -1.4972406127e+00 -2.6718664640e-01  6.5579241920e-01 -2.0441031471e+00 -1.7014774926e+00 -3.2933263000e-02 -1.2465321598e+00  1.5023145434e+00 -6.6024599660e-01  8.5569606300e-01  6.6119478730e-01  4.8872178530e-01  1.9567115404e+00  1.7456032392e+00  1.1001965085e+00  6.8477979410e-01 -6.4291449310e-01 -3.9267063660e-01  5.4670808950e-01
ENERGY -1.344970212500e+02

JOB 74
COORDS -6.1304599990e-01 -2.9285533500e-02 -1.2560634514e+00  1.0039627390e+00  3.2773392400e-01  9.3623114550e-01 -1.6426912520e-01  4.1642754890e-01  6.1900008200e-02 -2.8129855530e-01 -1.0520913837e+00 -1.5507447128e+00 -2.8958461240e-01  6.5820091200e-01 -2.0604118008e+00 -1.7125126719e+00 -1.0489794100e-02 -1.2264107161e+00  1.5391128430e+00 -6.5016259250e-01  9.1731804580e-01  6.3547233040e-01  5.0792240060e-01  1.9569202912e+00  1.7536724013e+00  1.1093317015e+00  7.0977744630e-01 -6.2570934910e-01 -4.0228718320e-01  5.3558374400e-01
ENERGY -1.344932095000e+02

JOB 75
COORDS -6.2375605660e-01 -3.3890170600e-02 -1.2723274691e+00  1.0166536096e+00  3.2829623420e-01  9.5169275630e-01 -1.2200784610e-01  3.7665195220e-01  3.7205987300e-02 -3.2802793420e-01 -1.0583603927e+00 -1.5984873139e+00 -3.1040119320e-01  6.6051534290e-01 -2.0746431416e+00 -1.7208773218e+00  1.0800054900e-02 -1.2056941422e+00  1.5705600713e+00 -6.3917075570e-01  9.7556374430e-01  6.1018802940e-01  5.2547638940e-01  1.9546971881e+00  1.7602911170e+00  1.1177039511e+00  7.3274194780e-01 -6.0682247550e-01 -4.1272260560e-01  5.2335044290e-01
ENERGY -1.344882791000e+02

JOB 76
COORDS -6.3361639380e-01 -3.7528797000e-02 -1.2860301436e+00  1.0270512601e+00  3.2913021060e-01  9.6545558810e-01 -7.9658927200e-02  3.3741605280e-01  1.2359678800e-02 -3.7302550520e-01 -1.0624067354e+00 -1.6398762493e+00 -3.2968661970e-01  6.6267054720e-01 -2.0869580350e+00 -1.7270226213e+00  3.1227065300e-02 -1.1846957445e+00  1.5962306828e+00 -6.2761452840e-01  1.0299850026e+00  5.8545205640e-01  5.4179896340e-01  1.9504913688e+00  1.7656036331e+00  1.1252899075e+00  7.5377613600e-01 -5.8552756530e-01 -4.2468268620e-01  5.0959239800e-01
ENERGY -1.344824540900e+02

JOB 77
COORDS -5.4985266720e-01  6.7124039000e-03 -1.0895027722e+00  8.6142500530e-01  3.1830858580e-01  8.2386671690e-01 -5.3129534590e-01  7.7423932900e-01  2.7434355450e-01 -1.4645194800e-02 -9.6525493690e-01 -1.0876565524e+00 -1.1674601350e-01  6.0157277020e-01 -1.9212185134e+00 -1.6090533885e+00 -1.7664468250e-01 -1.3349102019e+00  1.1727843121e+00 -7.0308204530e-01  5.2222606490e-01  7.9458160440e-01  3.5405427080e-01  1.9238690240e+00  1.6846922553e+00  9.9931284060e-01  5.2111944600e-01 -4.4609056720e-01 -3.3391853550e-01  3.9196323370e-01
ENERGY -1.344157088700e+02

JOB 78
COORDS -5.3003015920e-01  3.1767303100e-02 -1.0724275204e+00  8.4764381610e-01  3.3594421370e-01  7.9538320540e-01 -4.7813677950e-01  6.8382939030e-01  2.4985780520e-01 -4.6730259700e-02 -9.6744848790e-01 -1.1335580492e+00 -4.0196950500e-02  6.4350448590e-01 -1.8621406531e+00 -1.5854374915e+00 -8.5262632200e-02 -1.3721239388e+00  1.2063767437e+00 -6.9077477660e-01  5.6536851140e-01  8.2281237870e-01  4.4645537950e-01  1.8929119116e+00  1.6463046957e+00  1.0158675140e+00  4.2436953310e-01 -5.9680599370e-01 -5.3858238980e-01  5.3645919490e-01
ENERGY -1.344460464400e+02

JOB 79
COORDS -5.4462966980e-01  1.2629933800e-02 -1.1137706440e+00  8.8491840100e-01  3.2826006670e-01  8.2436941700e-01 -3.9049974070e-01  7.2182104560e-01  1.7903069360e-01 -2.0669969200e-02 -9.6680881300e-01 -1.1648414694e+00 -1.7097056540e-01  6.1096017380e-01 -1.9721624736e+00 -1.6198806488e+00 -1.5332031800e-01 -1.2914117154e+00  1.2436685106e+00 -6.8765532190e-01  5.4931210910e-01  7.4683103400e-01  3.6922646760e-01  1.9173077474e+00  1.7144482359e+00  1.0272422137e+00  5.8403409750e-01 -5.9741558760e-01 -3.8705544810e-01  5.1223223780e-01
ENERGY -1.344590729900e+02

JOB 80
COORDS -5.5689442630e-01  7.1523944000e-03 -1.1403627343e+00  9.0696528960e-01  3.3035812200e-01  8.4429658020e-01 -3.4300137820e-01  6.8925764950e-01  1.4929973770e-01 -5.0144303800e-02 -9.8053836630e-01 -1.2222613574e+00 -2.0780734200e-01  6.1223708540e-01 -2.0033193583e+00 -1.6407223087e+00 -1.3904719440e-01 -1.2726443987e+00  1.2906457285e+00 -6.8450523270e-01  5.9554442430e-01  7.2061723020e-01  3.8231368040e-01  1.9287922228e+00  1.7322008121e+00  1.0405717288e+00  6.2688774890e-01 -6.0605930140e-01 -3.8249986690e-01  5.1786713470e-01
ENERGY -1.344680206900e+02

JOB 81
COORDS -5.7200793440e-01 -3.1043810000e-04 -1.1680554077e+00  9.2947500880e-01  3.3120233670e-01  8.6761194720e-01 -3.0042152240e-01  6.5297927430e-01  1.2380128790e-01 -8.8625252400e-02 -9.9702405490e-01 -1.2841606792e+00 -2.4571361570e-01  6.1321668300e-01 -2.0327689825e+00 -1.6628193476e+00 -1.2275538460e-01 -1.2531674634e+00  1.3394868569e+00 -6.8171085030e-01  6.5203241620e-01  6.9304303190e-01  3.9739591390e-01  1.9408427289e+00  1.7480674260e+00  1.0534240489e+00  6.7034188600e-01 -5.9468465110e-01 -3.7111752910e-01  5.0762226660e-01
ENERGY -1.344743768000e+02

JOB 82
COORDS -5.8574027620e-01 -7.0995354000e-03 -1.1934714967e+00  9.5016713370e-01  3.3201374560e-01  8.8886784110e-01 -2.6061049180e-01  6.1075186090e-01  1.0131403250e-01 -1.3311560040e-01 -1.0134228649e+00 -1.3480221946e+00 -2.7416697940e-01  6.1853028300e-01 -2.0539692389e+00 -1.6813447789e+00 -1.0009039690e-01 -1.2383162878e+00  1.3883101570e+00 -6.7750722280e-01  7.1468375390e-01  6.6993559270e-01  4.1904952080e-01  1.9494821258e+00  1.7584260090e+00  1.0673066965e+00  7.0176180680e-01 -5.8606076570e-01 -3.7423208690e-01  5.0176965790e-01
ENERGY -1.344783553100e+02

JOB 83
COORDS -5.9885193860e-01 -1.3739859900e-02 -1.2171774049e+00  9.6942143280e-01  3.3251961430e-01  9.0904220990e-01 -2.2184854170e-01  5.6614571970e-01  7.9987785500e-02 -1.8059893670e-01 -1.0282858452e+00 -1.4111602556e+00 -2.9863686280e-01  6.2506893810e-01 -2.0711856836e+00 -1.6971702906e+00 -7.5854243900e-02 -1.2240179047e+00  1.4353009182e+00 -6.7151083020e-01  7.7962959110e-01  6.4793706890e-01  4.4192232470e-01  1.9554107696e+00  1.7660798327e+00  1.0809383301e+00  7.2809779570e-01 -5.7583268210e-01 -3.8190414750e-01  4.9547309690e-01
ENERGY -1.344802722200e+02

JOB 84
COORDS -6.1098196200e-01 -1.9953058400e-02 -1.2386736722e+00  9.8683436170e-01  3.3282829870e-01  9.2760221530e-01 -1.8309786690e-01  5.2054423820e-01  5.8832798200e-02 -2.2873908330e-01 -1.0406820277e+00 -1.4713994636e+00 -3.1999729780e-01  6.3207452760e-01 -2.0851965302e+00 -1.7099929616e+00 -5.1685772200e-02 -1.2093565823e+00  1.4789845262e+00 -6.6363468470e-01  8.4388932500e-01  6.2652785260e-01  4.6419659570e-01  1.9584334016e+00  1.7716041057e+00  1.0938781000e+00  7.5053595170e-01 -5.6534167440e-01 -3.9226621720e-01  4.8943255640e-01
ENERGY -1.344803736500e+02

JOB 85
COORDS -6.2206692810e-01 -2.5595014700e-02 -1.2577268450e+00  1.0021900170e+00  3.3302519740e-01  9.4439359180e-01 -1.4394301250e-01  4.7475597780e-01  3.7408573800e-02 -2.7616112850e-01 -1.0503431392e+00 -1.5273225287e+00 -3.3905249370e-01  6.3901013050e-01 -2.0966365703e+00 -1.7199607707e+00 -2.8545413200e-02 -1.1938613319e+00  1.5184255225e+00 -6.5411564500e-01  9.0572504780e-01  6.0537425960e-01  4.8486538040e-01  1.9587604123e+00  1.7754368527e+00  1.1058691155e+00  7.7012726000e-01 -5.5444231830e-01 -4.0362658930e-01  4.8323239030e-01
ENERGY -1.344789008700e+02

JOB 86
COORDS -6.3208389270e-01 -3.0496418300e-02 -1.2741512658e+00  1.0152891135e+00  3.3322732980e-01  9.5930963040e-01 -1.0438382580e-01  4.2915495080e-01  1.5656437600e-02 -3.2208060150e-01 -1.0572845048e+00 -1.5779910329e+00 -3.5613240500e-01  6.4565714690e-01 -2.1058119906e+00 -1.7273694831e+00 -6.6917397000e-03 -1.1775737063e+00  1.5529712341e+00 -6.4329145680e-01  9.6415013390e-01  5.8445660280e-01  5.0373682130e-01  1.9567333337e+00  1.7777909606e+00  1.1168065777e+00  7.8729977160e-01 -5.4265770290e-01 -4.1551870690e-01  4.7647868840e-01
ENERGY -1.344760920600e+02

JOB 87
COORDS -6.4106499060e-01 -3.4476814700e-02 -1.2878170304e+00  1.0259745150e+00  3.3358907260e-01  9.7230749440e-01 -6.4644962700e-02  3.8401768620e-01 -6.3034899000e-03 -3.6601816070e-01 -1.0616592687e+00 -1.6226526602e+00 -3.7138892320e-01  6.5190459690e-01 -2.1129473584e+00 -1.7326324491e+00  1.4005650900e-02 -1.1607413932e+00  1.5820912571e+00 -6.3153600470e-01  1.0185385269e+00  5.6386330080e-01  5.2104959310e-01  1.9527818025e+00  1.7788500989e+00  1.1266560637e+00  8.0228469900e-01 -5.2922968540e-01 -4.2825057540e-01  4.6864940940e-01
ENERGY -1.344722038800e+02

