JOB 0
COORDS -5.9010096783e-01 -6.9033863989e-01  9.1985305133e-01  3.5189903217e-01  3.2166136011e-01  3.0485305133e-01  1.8989903217e-01  3.0766136011e-01 -1.1051469487e+00  8.0689903217e-01  9.6466136011e-01 -1.4661469487e+00 -4.9110096783e-01 -7.0533863989e-01  2.0088530513e+00 -1.6291009678e+00 -4.5533863989e-01  6.6385305133e-01 -3.8710096783e-01 -1.6943386399e+00  5.3285305133e-01  1.3908990322e+00  7.0661360111e-02  5.4185305133e-01  1.3189903217e-01  1.3266613601e+00  6.7585305133e-01
ENERGY -1.549050485324e+02
GRADIENT  1.5960638200e-03  4.1928543200e-04  3.3746583380e-03  1.2576211950e-03  2.9925017120e-03 -2.7022069450e-03  1.6572527200e-03  1.2897937800e-04  1.2570635515e-02  1.4301117140e-03  1.2141656500e-03  2.0572683520e-03 -4.4633489800e-04 -9.3194277000e-05 -2.7803435690e-03  2.0844805550e-03 -1.8112230540e-03 -4.4178276300e-04 -2.0417689250e-03  2.3150112020e-03  1.2158820900e-04 -5.7172134030e-03  4.9497654800e-04 -5.7231567910e-03  1.7844325600e-04 -5.6642052010e-03 -6.4517002960e-03

JOB 1
COORDS  4.0687915913e-01 -1.2162076071e+00 -1.6524458416e-01 -1.7712084087e-01 -9.2076071420e-03  5.3775541584e-01 -1.9312084087e-01  1.0877923929e+00 -3.6324458416e-01 -5.7112084087e-01  1.8417923929e+00  1.1775541584e-01  4.3387915913e-01 -2.0822076071e+00  5.0275541584e-01 -1.8412084087e-01 -1.4712076071e+00 -1.0502445842e+00  1.4238791591e+00 -1.0062076071e+00 -5.1124458416e-01  4.2887915913e-01  2.5779239286e-01  1.4077554158e+00 -1.2021208409e+00 -2.1320760714e-01  8.6275541584e-01
ENERGY -1.549050500227e+02
GRADIENT -2.2266817600e-04 -2.2927126590e-03  2.0286931370e-03 -9.9948019000e-04  4.1507163140e-03  1.3684692110e-03  6.7163493000e-05 -9.6118368920e-03  7.9745456840e-03 -6.6770171600e-04 -7.1190089700e-04  2.6216747050e-03  5.1534002000e-05  1.9015304550e-03 -1.6900914020e-03  2.8828935740e-03  1.1682599440e-03  1.4058798910e-03 -3.1532200780e-03 -5.8076933100e-04 -6.6179118400e-04 -2.9694174590e-03  1.7704475170e-03 -8.0474498560e-03  5.0131340500e-03  4.1839186410e-03 -4.9883096890e-03

