Run semi-empirical minimization
 &qmmm
    qm_theory='AM1', grms_tol=0.0002,
  tight_p_conv=1, scfconv=1.d-10,   qmcharge=0,
 /
   7     N        1.3530       -0.1940       -0.2530 
   8     O        3.1400        0.7980        0.7480 
   6     C        3.5490       -1.3160       -0.2790 
   6    C1        2.6770       -0.1290        0.0950 
   6    C2        0.4320        0.7530        0.4120 
   6    C3        0.6680        2.1840       -0.0760 
   6    C4       -1.0170        0.3180        0.2200 
   6    C5       -1.6060       -0.4910        1.1980 
   6    C6       -2.9240       -0.9110        1.0810 
   6    C7       -3.6870       -0.5240       -0.0180 
   6    C8       -3.1260        0.3060       -0.9790 
   6    C9       -1.8030        0.7290       -0.8560 
   6   C10        0.7700       -1.3330       -0.9500 
   1     H        3.1390       -2.2380        0.1170 
   1    H1        4.5270       -1.1460        0.1480 
   1    H2        3.6520       -1.4240       -1.3530 
   1    H3        1.5290       -1.8430       -1.5220 
   1    H4        0.0190       -1.0010       -1.6480 
   1    H5        0.3150       -2.0470       -0.2730 
   1    H6        0.6490        0.7230        1.4730 
   1    H7       -1.0260       -0.7950        2.0510 
   1    H8       -3.3560       -1.5360        1.8420 
   1    H9       -4.7070       -0.8510       -0.1110 
   1   H10       -3.7100        0.6280       -1.8220 
   1   H11       -1.3920        1.3710       -1.6130 
   1   H12        0.5900        2.2450       -1.1570 
   1   H13        1.6530        2.5160        0.2090 
   1   H14       -0.0680        2.8530        0.3580 

