JOB 0
COORDS  9.7051498860e-01 -1.7587923410e-01  2.4956940500e-02  1.9497475020e+00  8.8371977480e-01 -4.2860994900e-01  1.5457266363e+00  1.3409772430e+00 -1.7106812521e+00  2.2670722047e+00  1.8286850469e+00 -2.1088010800e+00  1.2358846056e+00 -5.4392044180e-01  1.0182412655e+00 -4.0742464200e-02  2.3213672730e-01  6.4904923400e-02  9.7143416110e-01 -1.0160965086e+00 -6.7116344600e-01  2.9618439449e+00  4.6095626880e-01 -4.6754879360e-01  1.9665126434e+00  1.7134081160e+00  2.9069961640e-01
ENERGY -1.550564549880e+02

JOB 1
COORDS  9.5731688670e-01 -1.5121100930e-01  3.3931398000e-02  1.9449798113e+00  9.0200076120e-01 -4.1879010460e-01  1.5533083547e+00  1.3731974524e+00 -1.7012263257e+00  2.3325494721e+00  1.6440736105e+00 -2.1856185221e+00  1.2106712832e+00 -5.1244415500e-01  1.0331034159e+00 -5.2627969100e-02  2.6132376060e-01  6.1799588000e-02  9.5975503220e-01 -9.9665105870e-01 -6.5586494110e-01  2.9531619718e+00  4.7171050000e-01 -4.5442602680e-01  1.9688795218e+00  1.7319804435e+00  2.9908820940e-01
ENERGY -1.550558379196e+02

JOB 2
COORDS  9.5831332990e-01 -1.3662346390e-01  3.8463447500e-02  1.9434817558e+00  9.2247143560e-01 -4.1055150820e-01  1.5584845830e+00  1.4215344119e+00 -1.6859430179e+00  2.3304248507e+00  1.4776747759e+00 -2.2468217974e+00  1.2134338019e+00 -5.0289597390e-01  1.0358085368e+00 -5.1825711600e-02  2.7564531680e-01  7.0744998300e-02  9.5735489480e-01 -9.7953259350e-01 -6.5447066980e-01  2.9539636678e+00  4.9964304710e-01 -4.4845104360e-01  1.9643659920e+00  1.7460629204e+00  3.1321841370e-01
ENERGY -1.550552049863e+02

JOB 3
COORDS  9.6354630200e-01 -1.2576898860e-01  3.6248617300e-02  1.9481855693e+00  9.4152222340e-01 -3.9949296460e-01  1.5759586889e+00  1.4758581821e+00 -1.6647100843e+00  2.2830587411e+00  1.3289057421e+00 -2.2904819780e+00  1.2162833445e+00 -5.0305900340e-01  1.0303063480e+00 -4.7016244000e-02  2.8461291820e-01  6.9202329200e-02  9.6541149340e-01 -9.6259657420e-01 -6.6486680540e-01  2.9614496064e+00  5.2664800710e-01 -4.3484555060e-01  1.9611206007e+00  1.7578587590e+00  3.3063709900e-01
ENERGY -1.550548841006e+02

JOB 4
COORDS  9.6955968730e-01 -9.8891971100e-02  4.9089511200e-02  1.9666747015e+00  9.5194748660e-01 -4.0327044860e-01  1.6033180845e+00  1.5067923110e+00 -1.6613734469e+00  2.1767847889e+00  1.1512235810e+00 -2.3386207272e+00  1.2275669455e+00 -4.7499350760e-01  1.0423359584e+00 -3.4238622600e-02  3.2668079280e-01  8.9432256900e-02  9.5049410530e-01 -9.4261292300e-01 -6.4449708810e-01  2.9772998587e+00  5.3023161030e-01 -4.3944426270e-01  1.9905422323e+00  1.7735957985e+00  3.1834292920e-01
ENERGY -1.550551273844e+02

JOB 5
COORDS  9.7809195110e-01 -9.7008502900e-02  2.7417118700e-02  1.9819354955e+00  9.6495861960e-01 -3.8594324260e-01  1.6511722489e+00  1.5669560549e+00 -1.6292563485e+00  2.0660348354e+00  1.0690452291e+00 -2.3335150321e+00  1.2273142523e+00 -5.0269130390e-01  1.0112170269e+00 -2.5876723000e-02  3.2785183580e-01  7.1056575200e-02  9.6418163260e-01 -9.2328043610e-01 -6.8781654710e-01  2.9952887406e+00  5.4690385440e-01 -4.1219715620e-01  1.9898374281e+00  1.7712136588e+00  3.5101363170e-01
ENERGY -1.550557850673e+02

JOB 6
COORDS  9.9266789940e-01 -9.6524345600e-02  5.0235399000e-03  2.0077826486e+00  9.6875174270e-01 -3.7054924540e-01  1.6913477268e+00  1.6271515252e+00 -1.5866350736e+00  1.8935978994e+00  1.0388557216e+00 -2.3155460059e+00  1.2314557289e+00 -5.3296734520e-01  9.7792904960e-01 -9.4324789000e-03  3.3243493530e-01  5.1962441300e-02  9.7984835530e-01 -9.0508113820e-01 -7.3120333510e-01  3.0171712690e+00  5.4006898360e-01 -4.0944517730e-01  2.0235441314e+00  1.7512595537e+00  3.9044179670e-01
ENERGY -1.550564685281e+02

JOB 7
COORDS  1.0107149195e+00 -9.7672359200e-02 -1.7870142100e-02  2.0258734177e+00  9.7953779980e-01 -3.5559021210e-01  1.7374553979e+00  1.6519397656e+00 -1.5699245926e+00  1.7366593087e+00  1.0080562262e+00 -2.2805154487e+00  1.2364415787e+00 -5.5375939970e-01  9.4887347170e-01  4.2624932000e-03  3.2233593300e-01  2.2282830200e-02  1.0162856557e+00 -8.9301444020e-01 -7.6907044200e-01  3.0371533407e+00  5.5260549410e-01 -3.7950101000e-01  2.0231413515e+00  1.7539181261e+00  4.1329034570e-01
ENERGY -1.550567706588e+02

JOB 8
COORDS  1.0378066946e+00 -1.0487757540e-01 -3.6403112100e-02  2.0399386697e+00  9.9161482730e-01 -3.4693249300e-01  1.7667919291e+00  1.6627948909e+00 -1.5657863551e+00  1.5611421430e+00  1.0048175470e+00 -2.2323179838e+00  1.2582961682e+00 -5.7144015770e-01  9.2615192630e-01  2.2944170200e-02  2.9594255060e-01 -2.7260472000e-03  1.0688223304e+00 -8.9055476640e-01 -7.9757435240e-01  3.0559712832e+00  5.7497314060e-01 -3.5951039190e-01  2.0162762000e+00  1.7606738970e+00  4.2707612800e-01
ENERGY -1.550564667895e+02

JOB 9
COORDS  1.0637230900e+00 -1.0865145790e-01 -4.2123871800e-02  2.0631567302e+00  9.8866437370e-01 -3.5551288990e-01  1.7860968698e+00  1.6604691178e+00 -1.5744634880e+00  1.3567871097e+00  1.0452074668e+00 -2.1706712012e+00  1.2946600085e+00 -5.8295521600e-01  9.1380364060e-01  4.8351757100e-02  2.9038081740e-01  8.6186095000e-03  1.0877291809e+00 -8.8823600240e-01 -8.0986214130e-01  3.0763685725e+00  5.6732384780e-01 -3.8347347560e-01  2.0511196440e+00  1.7517396685e+00  4.2566003130e-01
ENERGY -1.550557413579e+02

JOB 10
COORDS  1.0873254524e+00 -1.1710621870e-01 -4.7094044900e-02  2.0766019474e+00  9.8746819030e-01 -3.6538351230e-01  1.8119582351e+00  1.6335824073e+00 -1.6024344066e+00  1.2015066016e+00  1.0957434127e+00 -2.1072770105e+00  1.3185666739e+00 -5.7952254030e-01  9.1432754760e-01  6.7583647800e-02  2.7276792630e-01  6.4578900000e-04  1.1210915583e+00 -9.0211757080e-01 -8.0835819760e-01  3.0934439469e+00  5.7788533810e-01 -3.8499376190e-01  2.0499103858e+00  1.7552389671e+00  4.1254567340e-01
ENERGY -1.550549424984e+02

JOB 11
COORDS  1.0971527780e+00 -8.6451897900e-02  3.3869922000e-03  2.1261883285e+00  9.3417002030e-01 -4.4357944620e-01  1.7985827748e+00  1.5542329938e+00 -1.6789624997e+00  9.6894411720e-01  1.1974698250e+00 -1.9964499572e+00  1.3870520114e+00 -5.3497045480e-01  9.5536624800e-01  1.1666466170e-01  3.7859526500e-01  1.3732095410e-01  1.0004311476e+00 -8.9139376970e-01 -7.3035770030e-01  3.1050901962e+00  4.5532875020e-01 -5.4990147620e-01  2.2278987830e+00  1.7170097834e+00  3.1519044310e-01
ENERGY -1.550545356390e+02

JOB 12
COORDS  1.1128987242e+00 -1.0735821010e-01 -5.5060751000e-03  2.1286257066e+00  9.2628440450e-01 -4.5326249860e-01  1.8079260082e+00  1.5166502218e+00 -1.7046477239e+00  8.9468830510e-01  1.3197626866e+00 -1.9149013929e+00  1.3996689215e+00 -5.3916210930e-01  9.5523396470e-01  1.2376332810e-01  3.4383219630e-01  1.1583901400e-01  1.0342484015e+00 -9.1942429090e-01 -7.3261581960e-01  3.1166624520e+00  4.6905558000e-01 -5.5303560210e-01  2.2095241447e+00  1.7143524517e+00  3.0490712140e-01
ENERGY -1.550548828046e+02

JOB 13
COORDS  1.1195980305e+00 -1.2153918720e-01 -3.8818638000e-03  2.1280781507e+00  9.1323780210e-01 -4.6685930820e-01  1.8183942968e+00  1.4548300784e+00 -1.7413492868e+00  8.6675449450e-01  1.4425395087e+00 -1.8536118697e+00  1.3982639917e+00 -5.2401935990e-01  9.7206528070e-01  1.2364557890e-01  3.2118191670e-01  9.4262670700e-02  1.0567809220e+00 -9.5004974670e-01 -7.1287979830e-01  3.1219620614e+00  4.6893711030e-01 -5.5175944260e-01  2.1945264284e+00  1.7188770013e+00  2.7602205790e-01
ENERGY -1.550557016758e+02

JOB 14
COORDS  1.1183105968e+00 -1.4136714530e-01 -6.3479087000e-03  2.1230954184e+00  8.9494085920e-01 -4.7610725380e-01  1.8195797464e+00  1.4119710192e+00 -1.7610380053e+00  8.8160832180e-01  1.6092005822e+00 -1.7921362282e+00  1.4016399237e+00 -5.4139677150e-01  9.6962900600e-01  1.2065676060e-01  2.9698061140e-01  9.2938846200e-02  1.0565038204e+00 -9.6872602770e-01 -7.1605420460e-01  3.1180535396e+00  4.5432027550e-01 -5.5824868560e-01  2.1885531469e+00  1.7080713369e+00  2.5937902150e-01
ENERGY -1.550564753063e+02

JOB 15
COORDS  1.1124582197e+00 -1.6405746690e-01 -8.8567370000e-03  2.1096411607e+00  8.8052810520e-01 -4.7897166790e-01  1.8170429410e+00  1.3729842334e+00 -1.7758230952e+00  9.4571756900e-01  1.7729010002e+00 -1.7570636808e+00  1.3950576882e+00 -5.5680784950e-01  9.7064742000e-01  1.0867112590e-01  2.6149764710e-01  7.9760641600e-02  1.0665479362e+00 -9.9328241110e-01 -7.1705133240e-01  3.1087383398e+00  4.4747591480e-01 -5.4760209870e-01  2.1641264698e+00  1.7027549415e+00  2.4697463480e-01
ENERGY -1.550568218371e+02

JOB 16
COORDS  1.1097027507e+00 -1.8658927220e-01 -4.5480833000e-03  2.0893003893e+00  8.7126433040e-01 -4.8306227730e-01  1.7944284351e+00  1.3327349972e+00 -1.7920007123e+00  1.0337620155e+00  1.9138314808e+00 -1.7467748842e+00  1.3999050637e+00 -5.6872933600e-01  9.7718608150e-01  9.9053457500e-02  2.2248470220e-01  7.8987386500e-02  1.0786275752e+00 -1.0198005358e+00 -7.0844549170e-01  3.0956512361e+00  4.5273661020e-01 -5.3788417280e-01  2.1275714586e+00  1.7060564917e+00  2.2855878650e-01
ENERGY -1.550564983137e+02

JOB 17
COORDS  1.0812575930e+00 -1.9573569010e-01 -4.6788807000e-03  2.0780411176e+00  8.4388366480e-01 -4.8646130150e-01  1.7757671246e+00  1.3090474022e+00 -1.7941224959e+00  1.1953929835e+00  2.0673546846e+00 -1.7287906478e+00  1.3705215060e+00 -5.8495109450e-01  9.7476118220e-01  7.8032636400e-02  2.2928325270e-01  7.9668152500e-02  1.0366710850e+00 -1.0271585117e+00 -7.0988499090e-01  3.0766004553e+00  4.0447082900e-01 -5.4172966910e-01  2.1357254370e+00  1.6777960644e+00  2.2325122590e-01
ENERGY -1.550558208616e+02

JOB 18
COORDS  1.0728080033e+00 -2.1608534360e-01 -8.9354815000e-03  2.0555057868e+00  8.3917420470e-01 -4.8250252070e-01  1.7312760887e+00  1.2993695577e+00 -1.7886108561e+00  1.3396279081e+00  2.1694174829e+00 -1.7281638894e+00  1.3674829700e+00 -6.0955600430e-01  9.6719828750e-01  6.5031676900e-02  1.9653619720e-01  7.3933105800e-02  1.0410485224e+00 -1.0428791118e+00 -7.2040716670e-01  3.0627811989e+00  4.1594558950e-01 -5.2926732490e-01  2.0924426972e+00  1.6720645489e+00  2.2876604100e-01
ENERGY -1.550551941107e+02

JOB 19
COORDS  1.0521363097e+00 -2.2041053640e-01 -6.1049166000e-03  2.0374539656e+00  8.3050985350e-01 -4.7891471890e-01  1.6929217806e+00  1.2817299181e+00 -1.7838201442e+00  1.5229828043e+00  2.2218586171e+00 -1.7593194501e+00  1.3454033292e+00 -6.1451310320e-01  9.7006198670e-01  4.6768259800e-02  1.9721989730e-01  7.2455427000e-02  1.0190677277e+00 -1.0483048270e+00 -7.1652605680e-01  3.0477616750e+00  4.0973420080e-01 -5.1519426610e-01  2.0635066918e+00  1.6661634804e+00  2.2936563900e-01
ENERGY -1.550549105368e+02

JOB 20
COORDS  1.0349514600e+00 -2.2369837090e-01 -5.3925961000e-03  2.0176457546e+00  8.3017013500e-01 -4.7190273760e-01  1.6489656588e+00  1.2802961390e+00 -1.7701358736e+00  1.7013508365e+00  2.2343151343e+00 -1.7997790763e+00  1.3290776987e+00 -6.2107336520e-01  9.6886879370e-01  3.0327471500e-02  1.9472019650e-01  7.3577343700e-02  1.0022205523e+00 -1.0492758413e+00 -7.1864050090e-01  3.0319215417e+00  4.1529648810e-01 -5.0499384800e-01  2.0315422786e+00  1.6632331640e+00  2.4039875450e-01
ENERGY -1.550552125218e+02

JOB 21
COORDS  1.0115458066e+00 -2.1841081760e-01 -4.5801681000e-03  1.9988679714e+00  8.3373495430e-01 -4.6066229750e-01  1.6188306162e+00  1.2865120770e+00 -1.7532981737e+00  1.8905883861e+00  2.1980677321e+00 -1.8561673542e+00  1.2983534224e+00 -6.1743384470e-01  9.7085701320e-01  8.2058806000e-03  2.0355379500e-01  6.8357907300e-02  9.8157441260e-01 -1.0430701869e+00 -7.1907919640e-01  3.0135711804e+00  4.1684690180e-01 -4.8946376410e-01  2.0064621891e+00  1.6641846467e+00  2.5603996800e-01
ENERGY -1.550558523071e+02

JOB 22
COORDS  9.9628773620e-01 -2.1020216350e-01  2.6035739000e-03  1.9772190726e+00  8.4897047860e-01 -4.4815981280e-01  1.5904659945e+00  1.2916308276e+00 -1.7408908747e+00  2.0488217128e+00  2.1090026630e+00 -1.9374158245e+00  1.2765578117e+00 -5.9968283920e-01  9.8351958240e-01 -1.1521419000e-02  2.0285299710e-01  6.3382726200e-02  9.8222556050e-01 -1.0389785226e+00 -7.0747567490e-01  2.9950981946e+00  4.3793115500e-01 -4.6979949020e-01  1.9728416696e+00  1.6824594321e+00  2.6623419350e-01
ENERGY -1.550564609988e+02

JOB 23
COORDS  9.7647851280e-01 -1.9128602970e-01  1.2484140800e-02  1.9622563097e+00  8.6349664000e-01 -4.3699217780e-01  1.5737979556e+00  1.3069999719e+00 -1.7280822192e+00  2.1916250729e+00  1.9764203992e+00 -2.0240429373e+00  1.2365309635e+00 -5.6030955630e-01  1.0067240805e+00 -3.3435572700e-02  2.2014485860e-01  4.6439427000e-02  9.7865607820e-01 -1.0329559239e+00 -6.8211457570e-01  2.9765297235e+00  4.4356692420e-01 -4.5952686820e-01  1.9655572977e+00  1.6979041951e+00  2.7711007610e-01
ENERGY -1.550566903829e+02

