c ... all quantities are in au and angles are in units of pi
c ... 
c ... atomtype
c ... radii,th0,x,d,zeta
c ... z,vsp3,vsp2,chi,J
c ... rqeq,qmin,qmax
c ... 
h_   
  6.68963D-01  3.14159D+00  5.45375D+00  7.01185D-05  1.20000D+01
  7.12000D-01  0.00000D+00  3.18720D-03  1.66399D-01  4.77153D-01
  7.01088D-01 -1.00000D+00  1.00000D+00
h_b  
  8.69274D-01  1.45735D+00  5.45375D+00  7.01185D-05  1.20000D+01
  7.12000D-01  0.00000D+00  3.18720D-03  1.66399D-01  4.77153D-01
  7.01088D-01 -1.00000D+00  1.00000D+00
he   
  1.60438D+00  1.57080D+00  4.46353D+00  8.92417D-05  1.52400D+01
  9.80000D-02  0.00000D+00  3.18720D-03  3.54995D-01  1.09659D+00
  2.45664D+00  0.00000D+00  2.00000D+00
li   
  2.52467D+00  3.14159D+00  4.63172D+00  3.98400D-05  1.20000D+01
  1.02600D+00  0.00000D+00  3.18720D-03  1.10468D-01  1.75366D-01
  2.94230D+00 -1.00000D+00  1.00000D+00
be   
  2.02957D+00  1.91061D+00  5.18730D+00  1.35456D-04  1.20000D+01
  1.56500D+00  0.00000D+00  3.18720D-03  1.79225D-01  3.26552D-01
  2.34326D+00 -1.00000D+00  2.00000D+00
b_2  
  1.56469D+00  2.09440D+00  7.71575D+00  2.86848D-04  1.20520D+01
  1.75500D+00  0.00000D+00  3.18720D-03  1.87787D-01  3.49116D-01
  1.55335D+00 -5.00000D+00  3.00000D+00
b_3  
  1.58359D+00  1.91061D+00  7.71575D+00  2.86848D-04  1.20520D+01
  1.75500D+00  0.00000D+00  3.18720D-03  1.87787D-01  3.49116D-01
  1.55335D+00 -5.00000D+00  3.00000D+00
c_r  
  1.37761D+00  2.09440D+00  7.27733D+00  1.67328D-04  1.27300D+01
  1.91200D+00  3.37684D-03  3.18720D-03  1.96350D-01  3.72120D-01
  1.43430D+00 -4.00000D+00  4.00000D+00
c_1  
  1.33415D+00  3.14159D+00  7.27733D+00  1.67328D-04  1.27300D+01
  1.91200D+00  3.37684D-03  3.18720D-03  1.96350D-01  3.72120D-01
  1.43430D+00 -4.00000D+00  4.00000D+00
c_2  
  1.38328D+00  2.09440D+00  7.27733D+00  1.67328D-04  1.27300D+01
  1.91200D+00  3.37684D-03  3.18720D-03  1.96350D-01  3.72120D-01
  1.43430D+00 -4.00000D+00  4.00000D+00
c_3  
  1.43052D+00  1.91061D+00  7.27733D+00  1.67328D-04  1.27300D+01
  1.91200D+00  3.37684D-03  3.18720D-03  1.96350D-01  3.72120D-01
  1.43430D+00 -4.00000D+00  4.00000D+00
n_r  
  1.32092D+00  2.09440D+00  6.91640D+00  1.09958D-04  1.34070D+01
  2.54400D+00  7.17121D-04  3.18720D-03  2.53531D-01  4.32168D-01
  1.35115D+00 -3.00000D+00  5.00000D+00
n_1  
  1.23966D+00  3.14159D+00  6.91640D+00  1.09958D-04  1.34070D+01
  2.54400D+00  7.17121D-04  3.18720D-03  2.53531D-01  4.32168D-01
  1.35115D+00 -3.00000D+00  5.00000D+00
n_2  
  1.29446D+00  1.94081D+00  6.91640D+00  1.09958D-04  1.34070D+01
  2.54400D+00  7.17121D-04  3.18720D-03  2.53531D-01  4.32168D-01
  1.35115D+00 -3.00000D+00  5.00000D+00
n_3  
  1.32281D+00  1.86227D+00  6.91640D+00  1.09958D-04  1.34070D+01
  2.54400D+00  7.17121D-04  3.18720D-03  2.53531D-01  4.32168D-01
  1.35115D+00 -3.00000D+00  5.00000D+00
o_r  
  1.28501D+00  1.91986D+00  6.61404D+00  9.56161D-05  1.40850D+01
  2.30000D+00  2.86848D-05  3.18720D-03  3.21223D-01  4.91114D-01
  1.26423D+00 -2.00000D+00  6.00000D+00
o_1  
  1.20753D+00  3.14159D+00  6.61404D+00  9.56161D-05  1.40850D+01
  2.30000D+00  2.86848D-05  3.18720D-03  3.21223D-01  4.91114D-01
  1.26423D+00 -2.00000D+00  6.00000D+00
o_2  
  1.19809D+00  2.09440D+00  6.61404D+00  9.56161D-05  1.40850D+01
  2.30000D+00  2.86848D-05  3.18720D-03  3.21223D-01  4.91114D-01
  1.26423D+00 -2.00000D+00  6.00000D+00
o_3  
  1.24344D+00  1.82404D+00  6.61404D+00  9.56161D-05  1.40850D+01
  2.30000D+00  2.86848D-05  3.18720D-03  3.21223D-01  4.91114D-01
  1.26423D+00 -2.00000D+00  6.00000D+00
o_3_z
  9.97775D-01  2.54818D+00  6.61404D+00  9.56161D-05  1.40850D+01
  2.30000D+00  2.86848D-05  3.18720D-03  3.21223D-01  4.91114D-01
  1.26423D+00 -2.00000D+00  6.00000D+00
f_   
  1.26234D+00  3.14159D+00  6.35704D+00  7.96801D-05  1.47620D+01
  1.73500D+00  0.00000D+00  3.18720D-03  3.99609D-01  5.49324D-01
  1.33415D+00 -1.00000D+00  7.00000D+00
ne4+4
  1.73855D+00  1.57080D+00  6.12838D+00  6.69313D-05  1.54400D+01
  1.94000D-01  0.00000D+00  3.18720D-03  4.05709D-01  7.75404D-01
  3.34104D+00  0.00000D+00  8.00000D+00
na   
  2.90829D+00  3.14159D+00  5.63705D+00  4.78080D-05  1.20000D+01
  1.08100D+00  0.00000D+00  1.99200D-03  1.04477D-01  1.68751D-01
  3.94008D+00 -1.00000D+00  1.00000D+00
mg3+2
  2.68530D+00  1.91061D+00  5.70886D+00  1.76890D-04  1.20000D+01
  1.78700D+00  0.00000D+00  1.99200D-03  1.45195D-01  2.71428D-01
  2.83459D+00 -1.00000D+00  2.00000D+00
al   
  2.35082D+00  1.91061D+00  8.50188D+00  8.04769D-04  1.12780D+01
  1.79200D+00  0.00000D+00  1.99200D-03  1.49201D-01  2.63858D-01
  2.26956D+00 -5.00000D+00  3.00000D+00
si3  
  2.11082D+00  1.91061D+00  8.11637D+00  6.40628D-04  1.21750D+01
  2.32300D+00  1.95216D-03  1.99200D-03  1.53170D-01  2.56288D-01
  2.22232D+00 -4.00000D+00  4.00000D+00
p_3+3
  2.08059D+00  1.63712D+00  7.83669D+00  4.86048D-04  1.30720D+01
  2.86300D+00  3.82464D-03  1.99200D-03  2.00760D-01  2.93992D-01
  2.08248D+00 -3.00000D+00  5.00000D+00
p_3+5
  1.99555D+00  1.91061D+00  7.83669D+00  4.86048D-04  1.30720D+01
  2.86300D+00  3.82464D-03  1.99200D-03  2.00760D-01  2.93992D-01
  2.08248D+00 -3.00000D+00  5.00000D+00
s_r  
  2.03523D+00  1.60919D+00  7.62504D+00  4.36647D-04  1.39690D+01
  2.70300D+00  7.71303D-04  1.99200D-03  2.54597D-01  3.29712D-01
  1.97854D+00 -2.00000D+00  6.00000D+00
s_2  
  1.61383D+00  2.09440D+00  7.62504D+00  4.36647D-04  1.39690D+01
  2.70300D+00  7.71303D-04  1.99200D-03  2.54597D-01  3.29712D-01
  1.97854D+00 -2.00000D+00  6.00000D+00
s_3+2
  2.01067D+00  1.60745D+00  7.62504D+00  4.36647D-04  1.39690D+01
  2.70300D+00  7.71303D-04  1.99200D-03  2.54597D-01  3.29712D-01
  1.97854D+00 -2.00000D+00  6.00000D+00
s_3+4
  1.98232D+00  1.80118D+00  7.62504D+00  4.36647D-04  1.39690D+01
  2.70300D+00  7.71303D-04  1.99200D-03  2.54597D-01  3.29712D-01
  1.97854D+00 -2.00000D+00  6.00000D+00
s_3+6
  1.94075D+00  1.91061D+00  7.62504D+00  4.36647D-04  1.39690D+01
  2.70300D+00  7.71303D-04  1.99200D-03  2.54597D-01  3.29712D-01
  1.97854D+00 -2.00000D+00  6.00000D+00
cl   
  1.97287D+00  3.14159D+00  7.45875D+00  3.61747D-04  1.48660D+01
  2.34800D+00  0.00000D+00  1.99200D-03  3.14718D-01  3.63521D-01
  1.87839D+00 -1.00000D+00  7.00000D+00
ar4+4
  1.95020D+00  1.57080D+00  7.30946D+00  2.94816D-04  1.57630D+01
  3.00000D-01  0.00000D+00  1.99200D-03  3.47829D-01  4.67080D-01
  3.98354D+00  0.00000D+00  8.00000D+00
k_   
  3.69063D+00  3.14159D+00  7.20364D+00  5.57760D-05  1.20000D+01
  1.16500D+00  0.00000D+00  1.11552D-03  8.89693D-02  1.41116D-01
  4.88683D+00 -1.00000D+00  1.00000D+00
ca6+2
  3.32781D+00  1.57080D+00  6.42318D+00  3.79277D-04  1.20000D+01
  2.14100D+00  0.00000D+00  1.11552D-03  1.18736D-01  2.11674D-01
  3.77945D+00 -1.00000D+00  2.00000D+00
sc3+3
  2.85916D+00  1.91061D+00  6.22665D+00  3.02784D-05  1.20000D+01
  2.59200D+00  0.00000D+00  1.11552D-03  1.24763D-01  2.26374D-01
  3.30702D+00 -1.00000D+00  3.00000D+00
ti3+4
  2.66829D+00  1.91061D+00  5.99988D+00  2.70912D-05  1.20000D+01
  2.65900D+00  0.00000D+00  1.11552D-03  1.27519D-01  2.48423D-01
  3.03679D+00 -1.00000D+00  4.00000D+00
ti6+4
  2.66829D+00  1.57080D+00  5.99988D+00  2.70912D-05  1.20000D+01
  2.65900D+00  0.00000D+00  1.11552D-03  1.27519D-01  2.48423D-01
  3.03679D+00 -1.00000D+00  4.00000D+00
v_3+5
  2.64940D+00  1.91061D+00  5.94130D+00  2.54976D-05  1.20000D+01
  2.67900D+00  0.00000D+00  1.11552D-03  1.34134D-01  2.50628D-01
  2.77790D+00 -1.00000D+00  5.00000D+00
cr6+3
  2.54168D+00  1.57080D+00  5.71264D+00  2.39040D-05  1.20000D+01
  2.46300D+00  0.00000D+00  1.11552D-03  1.25498D-01  2.84070D-01
  2.64940D+00 -1.00000D+00  6.00000D+00
mn6+2
  2.61160D+00  1.57080D+00  5.59548D+00  2.07168D-05  1.20000D+01
  2.43000D+00  0.00000D+00  1.11552D-03  1.22190D-01  3.01709D-01
  2.89695D+00 -1.00000D+00  7.00000D+00
fe3+2
  2.39995D+00  1.91061D+00  5.50288D+00  2.07168D-05  1.20000D+01
  2.43000D+00  0.00000D+00  1.11552D-03  1.38176D-01  3.04282D-01
  2.63239D+00 -1.00000D+00  8.00000D+00
fe6+2
  2.52278D+00  1.57080D+00  5.50288D+00  2.07168D-05  1.20000D+01
  2.43000D+00  0.00000D+00  1.11552D-03  1.38176D-01  3.04282D-01
  2.63239D+00 -1.00000D+00  8.00000D+00
co6+3
  2.34515D+00  1.57080D+00  5.42729D+00  2.23104D-05  1.20000D+01
  2.43000D+00  0.00000D+00  1.11552D-03  1.50855D-01  3.06854D-01
  2.65695D+00 -1.00000D+00  9.00000D+00
ni4+2
  2.19964D+00  1.57080D+00  5.35548D+00  2.39040D-05  1.20000D+01
  2.43000D+00  0.00000D+00  1.11552D-03  1.64084D-01  3.09059D-01
  2.64184D+00 -1.00000D+00  1.00000D+01
cu3+1
  2.46042D+00  1.91061D+00  6.60459D+00  7.96801D-06  1.20000D+01
  2.43000D+00  0.00000D+00  1.11552D-03  1.54346D-01  3.10162D-01
  2.70987D+00 -1.00000D+00  1.00000D+01
zn3+2
  2.25444D+00  1.91061D+00  5.22131D+00  1.97607D-04  1.20000D+01
  1.30800D+00  0.00000D+00  1.11552D-03  1.87640D-01  3.14939D-01
  2.64562D+00 -1.00000D+00  2.00000D+00
ga3+3
  2.38105D+00  1.91061D+00  8.28267D+00  6.61345D-04  1.10000D+01
  1.82100D+00  0.00000D+00  1.11552D-03  1.33803D-01  2.32254D-01
  2.28846D+00 -5.00000D+00  3.00000D+00
ge3  
  2.26200D+00  1.91061D+00  8.08803D+00  6.03975D-04  1.20000D+01
  2.78900D+00  1.11711D-03  1.11552D-03  1.48870D-01  2.52686D-01
  2.24688D+00 -4.00000D+00  4.00000D+00
as3+3
  2.28846D+00  1.60745D+00  7.99354D+00  4.92423D-04  1.30000D+01
  2.86400D+00  2.39040D-03  1.11552D-03  1.90654D-01  2.79954D-01
  2.27523D+00 -3.00000D+00  5.00000D+00
se3+2
  2.24877D+00  1.58127D+00  7.94630D+00  4.63738D-04  1.40000D+01
  2.76400D+00  5.33856D-04  1.11552D-03  2.36223D-01  3.03620D-01
  2.31302D+00 -2.00000D+00  6.00000D+00
br   
  2.25255D+00  3.14159D+00  7.91606D+00  3.99994D-04  1.50000D+01
  2.51900D+00  0.00000D+00  1.11552D-03  2.86275D-01  3.25229D-01
  2.15618D+00 -1.00000D+00  7.00000D+00
kr4+4
  2.16752D+00  1.57080D+00  7.82536D+00  3.50592D-04  1.60000D+01
  4.52000D-01  0.00000D+00  1.11552D-03  3.12550D-01  4.20041D-01
  4.28968D+00  0.00000D+00  8.00000D+00
rb   
  4.27078D+00  3.14159D+00  7.77433D+00  6.37440D-05  1.20000D+01
  1.59200D+00  0.00000D+00  3.18720D-04  8.56619D-02  1.35677D-01
  5.23454D+00 -1.00000D+00  1.00000D+00
sr6+2
  3.87772D+00  1.57080D+00  6.88049D+00  3.74496D-04  1.20000D+01
  2.44900D+00  0.00000D+00  3.18720D-04  1.11129D-01  1.79335D-01
  4.56369D+00 -1.00000D+00  2.00000D+00
y_3+3
  3.20875D+00  1.91061D+00  6.32113D+00  1.14739D-04  1.20000D+01
  3.25700D+00  0.00000D+00  3.18720D-04  1.40749D-01  2.06529D-01
  3.77567D+00 -1.00000D+00  3.00000D+00
zr3+4
  2.95553D+00  1.91061D+00  5.90350D+00  1.09958D-04  1.20000D+01
  3.66700D+00  0.00000D+00  3.18720D-04  1.24947D-01  2.60918D-01
  3.32214D+00 -1.00000D+00  4.00000D+00
nb3+5
  2.78357D+00  1.91061D+00  5.98098D+00  9.40225D-05  1.20000D+01
  3.61800D+00  0.00000D+00  3.18720D-04  1.30459D-01  2.48423D-01
  3.02923D+00 -1.00000D+00  5.00000D+00
mo3+6
  2.80435D+00  1.91061D+00  5.76744D+00  8.92417D-05  1.20000D+01
  3.40000D+00  0.00000D+00  3.18720D-04  1.27335D-01  2.75985D-01
  2.89128D+00 -1.00000D+00  6.00000D+00
mo6+6
  2.77223D+00  1.57080D+00  5.76744D+00  8.92417D-05  1.20000D+01
  3.40000D+00  0.00000D+00  3.18720D-04  1.27335D-01  2.75985D-01
  2.89128D+00 -1.00000D+00  6.00000D+00
tc6+5
  2.49822D+00  1.57080D+00  5.66540D+00  7.64929D-05  1.20000D+01
  3.40000D+00  0.00000D+00  3.18720D-04  1.20904D-01  2.93257D-01
  2.83459D+00 -1.00000D+00  7.00000D+00
ru6+2
  2.79302D+00  1.57080D+00  5.59926D+00  8.92417D-05  1.20000D+01
  3.40000D+00  0.00000D+00  3.18720D-04  1.31378D-01  2.95095D-01
  2.83459D+00 -1.00000D+00  8.00000D+00
rh6+3
  2.51712D+00  1.57080D+00  5.53501D+00  8.44609D-05  1.20000D+01
  3.50800D+00  0.00000D+00  3.18720D-04  1.46077D-01  2.94360D-01
  2.85160D+00 -1.00000D+00  9.00000D+00
pd4+2
  2.52845D+00  1.57080D+00  5.47832D+00  7.64929D-05  1.20000D+01
  3.21000D+00  0.00000D+00  3.18720D-04  1.58756D-01  2.93992D-01
  2.91774D+00 -1.00000D+00  1.00000D+01
ag1+1
  2.61916D+00  3.14159D+00  5.94886D+00  5.73696D-05  1.20000D+01
  1.95600D+00  0.00000D+00  3.18720D-04  1.63019D-01  2.30343D-01
  3.06514D+00 -1.00000D+00  1.00000D+01
cd3+2
  2.65129D+00  1.91061D+00  5.38194D+00  3.63341D-04  1.20000D+01
  1.65000D+00  0.00000D+00  3.18720D-04  1.84994D-01  2.90832D-01
  3.02356D+00 -1.00000D+00  2.00000D+00
in3+3
  2.75711D+00  1.91061D+00  8.43385D+00  9.54567D-04  1.10000D+01
  2.07000D+00  0.00000D+00  3.18720D-04  1.28842D-01  2.12850D-01
  2.65318D+00 -5.00000D+00  3.00000D+00
sn3  
  2.64184D+00  1.91061D+00  8.29968D+00  9.03572D-04  1.20000D+01
  2.96100D+00  3.17127D-04  3.18720D-04  1.46518D-01  2.29608D-01
  2.55869D+00 -4.00000D+00  4.00000D+00
sb3+3
  2.65884D+00  1.59872D+00  8.35259D+00  7.15527D-04  1.30000D+01
  2.70400D+00  1.75296D-03  3.18720D-04  1.80033D-01  2.45630D-01
  2.65318D+00 -3.00000D+00  5.00000D+00
te3+2
  2.61916D+00  1.57516D+00  8.44708D+00  6.34253D-04  1.40000D+01
  2.88200D+00  4.78080D-04  3.18720D-04  2.13732D-01  2.59154D-01
  2.60782D+00 -2.00000D+00  6.00000D+00
i_   
  2.61160D+00  3.14159D+00  8.50377D+00  5.40231D-04  1.50000D+01
  2.65000D+00  0.00000D+00  3.18720D-04  2.50702D-01  2.76500D-01
  2.51900D+00 -1.00000D+00  7.00000D+00
xe4+4
  2.39428D+00  1.57080D+00  8.32235D+00  5.29076D-04  1.20000D+01
  5.56000D-01  0.00000D+00  3.18720D-04  2.79109D-01  3.65653D-01
  4.64684D+00  0.00000D+00  8.00000D+00
cs   
  4.85660D+00  3.14159D+00  8.53589D+00  7.17121D-05  1.20000D+01
  1.57300D+00  0.00000D+00  1.59360D-04  8.02231D-02  1.25755D-01
  5.63894D+00 -1.00000D+00  1.00000D+00
ba6+2
  4.30291D+00  1.57080D+00  6.99766D+00  5.80071D-04  1.20000D+01
  2.72700D+00  0.00000D+00  1.59360D-04  1.03412D-01  1.76101D-01
  4.61471D+00 -1.00000D+00  2.00000D+00
la3+3
  3.67174D+00  1.91061D+00  6.65561D+00  2.70912D-05  1.20000D+01
  3.30000D+00  0.00000D+00  1.59360D-04  1.04202D-01  2.01495D-01
  3.91362D+00 -1.00000D+00  3.00000D+00
ce6+3
  3.47899D+00  1.57080D+00  6.71987D+00  2.07168D-04  1.20000D+01
  3.30000D+00  0.00000D+00  1.59360D-04  1.01942D-01  1.97857D-01
  3.63772D+00 -1.00000D+00  3.00000D+00
pr6+3
  3.44497D+00  1.57080D+00  6.81435D+00  1.59360D-05  1.20000D+01
  3.30000D+00  0.00000D+00  1.59360D-04  1.05029D-01  1.88449D-01
  3.79268D+00 -1.00000D+00  3.00000D+00
nd6+3
  3.43174D+00  1.57080D+00  6.75577D+00  1.59360D-05  1.20000D+01
  3.30000D+00  0.00000D+00  1.59360D-04  1.05415D-01  1.92602D-01
  3.79268D+00 -1.00000D+00  3.00000D+00
pm6+3
  3.40340D+00  1.57080D+00  6.70286D+00  1.43424D-05  1.20000D+01
  3.30000D+00  0.00000D+00  1.59360D-04  1.05874D-01  1.96460D-01
  3.77945D+00 -1.00000D+00  3.00000D+00
sm6+3
  3.36371D+00  1.57080D+00  6.65184D+00  1.27488D-05  1.20000D+01
  3.30000D+00  0.00000D+00  1.59360D-04  1.06995D-01  1.99878D-01
  3.73788D+00 -1.00000D+00  3.00000D+00
eu6+3
  3.34670D+00  1.57080D+00  6.60081D+00  1.27488D-05  1.20000D+01
  3.30000D+00  0.00000D+00  1.59360D-04  1.05782D-01  2.04876D-01
  4.20842D+00 -1.00000D+00  3.00000D+00
gd6+3
  3.27867D+00  1.57080D+00  6.36460D+00  1.43424D-05  1.20000D+01
  3.30000D+00  0.00000D+00  1.59360D-04  1.16366D-01  2.18620D-01
  3.71898D+00 -1.00000D+00  3.00000D+00
tb6+3
  3.27301D+00  1.57080D+00  6.52144D+00  1.11552D-05  1.20000D+01
  3.30000D+00  0.00000D+00  1.59360D-04  1.10908D-01  2.08293D-01
  3.69252D+00 -1.00000D+00  3.00000D+00
dy6+3
  3.23143D+00  1.57080D+00  6.47798D+00  1.11552D-05  1.20000D+01
  3.30000D+00  0.00000D+00  1.59360D-04  1.12287D-01  2.11050D-01
  3.65473D+00 -1.00000D+00  3.00000D+00
ho6+3
  3.20498D+00  1.57080D+00  6.44208D+00  1.11552D-05  1.20000D+01
  3.41600D+00  0.00000D+00  1.59360D-04  1.14914D-01  2.12483D-01
  3.63772D+00 -1.00000D+00  3.00000D+00
er6+3
  3.16151D+00  1.57080D+00  6.40806D+00  1.11552D-05  1.20000D+01
  3.30000D+00  0.00000D+00  1.59360D-04  1.17101D-01  2.14210D-01
  3.61883D+00 -1.00000D+00  3.00000D+00
tm6+3
  3.13695D+00  1.57080D+00  6.37594D+00  9.56161D-06  1.20000D+01
  3.30000D+00  0.00000D+00  1.59360D-04  1.19486D-01  2.15562D-01
  3.77945D+00 -1.00000D+00  3.00000D+00
yb6+3
  3.09348D+00  1.57080D+00  6.34003D+00  3.63341D-04  1.20000D+01
  2.61800D+00  0.00000D+00  1.59360D-04  1.20864D-01  2.17922D-01
  4.07803D+00 -1.00000D+00  3.00000D+00
lu6+3
  3.15773D+00  1.57080D+00  6.87860D+00  6.53377D-05  1.20000D+01
  3.27100D+00  0.00000D+00  1.59360D-04  1.08884D-01  1.81018D-01
  3.58292D+00  1.09470D+02  3.00000D+00
hf3+4
  3.04435D+00  1.91061D+00  5.93563D+00  1.14739D-04  1.20000D+01
  3.92100D+00  0.00000D+00  1.59360D-04  1.35971D-01  2.49893D-01
  3.32403D+00 -1.00000D+00  4.00000D+00
ta3+5
  2.85538D+00  1.91061D+00  5.99043D+00  1.29082D-04  1.20000D+01
  4.07500D+00  0.00000D+00  1.59360D-04  1.87420D-01  2.09469D-01
  3.03301D+00 -1.00000D+00  5.00000D+00
w_3+4
  2.88372D+00  1.91061D+00  5.79957D+00  1.06771D-04  1.20000D+01
  3.70000D+00  0.00000D+00  1.59360D-04  1.70148D-01  2.43278D-01
  2.90640D+00 -1.00000D+00  6.00000D+00
w_3+6
  2.60782D+00  1.91061D+00  5.79957D+00  1.06771D-04  1.20000D+01
  3.70000D+00  0.00000D+00  1.59360D-04  1.70148D-01  2.43278D-01
  2.90640D+00 -1.00000D+00  6.00000D+00
w_6+6
  2.63050D+00  1.57080D+00  5.79957D+00  1.06771D-04  1.20000D+01
  3.70000D+00  0.00000D+00  1.59360D-04  1.70148D-01  2.43278D-01
  2.90640D+00 -1.00000D+00  6.00000D+00
re3+7
  2.48310D+00  1.91061D+00  5.58225D+00  1.05178D-04  1.20000D+01
  3.70000D+00  0.00000D+00  1.59360D-04  1.45526D-01  2.88112D-01
  3.02356D+00 -1.00000D+00  7.00000D+00
re6+5
  2.59270D+00  1.57080D+00  5.58225D+00  1.05178D-04  1.20000D+01
  3.70000D+00  0.00000D+00  1.59360D-04  1.45526D-01  2.88112D-01
  3.02356D+00 -1.00000D+00  7.00000D+00
os6+6
  2.59270D+00  1.57080D+00  5.89595D+00  5.89632D-05  1.20000D+01
  3.70000D+00  0.00000D+00  1.59360D-04  1.88890D-01  2.66798D-01
  3.21253D+00 -1.00000D+00  8.00000D+00
ir6+3
  2.59081D+00  1.57080D+00  5.36682D+00  1.16333D-04  1.20000D+01
  3.73100D+00  0.00000D+00  1.59360D-04  1.83745D-01  2.93992D-01
  3.52623D+00 -1.00000D+00  9.00000D+00
pt4+2
  2.57759D+00  1.57080D+00  5.20431D+00  1.27488D-04  1.20000D+01
  3.38200D+00  0.00000D+00  1.59360D-04  1.76028D-01  3.25596D-01
  2.94230D+00 -1.00000D+00  1.00000D+01
au4+3
  2.38483D+00  1.57080D+00  6.22287D+00  6.21504D-05  1.20000D+01
  2.62500D+00  0.00000D+00  1.59360D-04  1.79850D-01  1.90066D-01
  3.05758D+00 -1.00000D+00  1.00000D+01
hg1+2
  2.53223D+00  3.14159D+00  5.11171D+00  6.13536D-04  1.20000D+01
  1.75000D+00  0.00000D+00  1.59360D-04  2.30416D-01  3.05752D-01
  3.02356D+00 -1.00000D+00  2.00000D+00
tl3+3
  2.86860D+00  2.09440D+00  8.21464D+00  1.08365D-03  1.10000D+01
  2.06800D+00  0.00000D+00  1.59360D-04  1.17597D-01  2.13144D-01
  2.89128D+00 -5.00000D+00  3.00000D+00
pb3  
  2.75711D+00  1.91061D+00  8.12015D+00  1.05656D-03  1.20000D+01
  2.84600D+00  1.59360D-04  1.59360D-04  1.43321D-01  2.59448D-01
  2.72876D+00 -4.00000D+00  4.00000D+00
bi3+3
  2.85727D+00  1.57080D+00  8.25810D+00  8.25485D-04  1.30000D+01
  2.47000D+00  1.59360D-03  1.59360D-04  1.72353D-01  2.74883D-01
  2.86105D+00 -3.00000D+00  5.00000D+00
po3+2
  2.83459D+00  1.57080D+00  8.89872D+00  5.17920D-04  1.40000D+01
  2.33000D+00  4.78080D-04  1.59360D-04  1.54713D-01  3.09427D-01
  2.79679D+00 -2.00000D+00  6.00000D+00
at   
  2.91963D+00  3.14159D+00  8.97620D+00  4.52583D-04  1.50000D+01
  2.24000D+00  0.00000D+00  1.59360D-04  1.74558D-01  3.49116D-01
  2.77790D+00 -1.00000D+00  7.00000D+00
rn4+4
  2.68341D+00  1.57080D+00  9.00454D+00  3.95213D-04  1.60000D+01
  5.83000D-01  0.00000D+00  1.59360D-04  1.97342D-01  3.94684D-01
  4.15740D+00  0.00000D+00  8.00000D+00
fr   
  5.44241D+00  3.14159D+00  9.25966D+00  7.96801D-05  1.20000D+01
  1.84700D+00  0.00000D+00  1.59360D-04  7.34980D-02  1.46996D-01
  4.34637D+00 -1.00000D+00  1.00000D+00
ra6+2
  4.74699D+00  1.57080D+00  6.94852D+00  6.43815D-04  1.20000D+01
  2.92000D+00  0.00000D+00  1.59360D-04  1.04477D-01  1.78894D-01
  4.15740D+00 -1.00000D+00  2.00000D+00
ac6+3
  3.74733D+00  1.57080D+00  6.57247D+00  5.25888D-05  1.20000D+01
  3.90000D+00  0.00000D+00  1.59360D-04  1.04183D-01  2.08367D-01
  3.98354D+00 -1.00000D+00  3.00000D+00
th6+4
  3.25222D+00  1.57080D+00  6.41751D+00  4.14336D-05  1.20000D+01
  4.20200D+00  0.00000D+00  1.59360D-04  1.16678D-01  2.13512D-01
  3.81347D+00 -1.00000D+00  3.00000D+00
pa6+4
  3.23332D+00  1.57080D+00  6.47042D+00  3.50592D-05  1.20000D+01
  3.90000D+00  0.00000D+00  1.59360D-04  1.09696D-01  2.13512D-01
  3.40151D+00 -1.00000D+00  3.00000D+00
u_6+4
  3.18230D+00  1.57080D+00  6.41562D+00  3.50592D-05  1.20000D+01
  3.90000D+00  0.00000D+00  1.59360D-04  1.22778D-01  2.09690D-01
  3.23710D+00 -1.00000D+00  3.00000D+00
np6+4
  3.14828D+00  1.57080D+00  6.47042D+00  3.02784D-05  1.20000D+01
  3.90000D+00  0.00000D+00  1.59360D-04  1.30422D-01  1.99694D-01
  3.40151D+00 -1.00000D+00  3.00000D+00
pu6+4
  3.13128D+00  1.57080D+00  6.47042D+00  2.54976D-05  1.20000D+01
  3.90000D+00  0.00000D+00  1.59360D-04  1.19177D-01  2.07191D-01
  3.47710D+00 -1.00000D+00  3.00000D+00
am6+4
  3.13695D+00  1.57080D+00  6.38916D+00  2.23104D-05  1.20000D+01
  3.90000D+00  0.00000D+00  1.59360D-04  1.09861D-01  2.20751D-01
  3.66985D+00 -1.00000D+00  3.00000D+00
cm6+3
  3.40340D+00  1.57080D+00  6.28523D+00  2.07168D-05  1.20000D+01
  3.90000D+00  0.00000D+00  1.59360D-04  1.04055D-01  2.34422D-01
  3.59048D+00 -1.00000D+00  3.00000D+00
bk6+3
  3.32781D+00  1.57080D+00  6.30980D+00  2.07168D-05  1.20000D+01
  3.90000D+00  0.00000D+00  1.59360D-04  1.17358D-01  2.23103D-01
  3.59048D+00 -1.00000D+00  3.00000D+00
cf6+3
  3.30702D+00  1.57080D+00  6.26066D+00  2.07168D-05  1.20000D+01
  3.90000D+00  0.00000D+00  1.59360D-04  1.17487D-01  2.27917D-01
  3.59048D+00 -1.00000D+00  3.00000D+00
es6+3
  3.25789D+00  1.57080D+00  6.23421D+00  1.91232D-05  1.20000D+01
  3.90000D+00  0.00000D+00  1.59360D-04  1.22484D-01  2.27035D-01
  3.59048D+00 -1.00000D+00  3.00000D+00
fm6+3
  3.23521D+00  1.57080D+00  6.20964D+00  1.91232D-05  1.20000D+01
  3.90000D+00  0.00000D+00  1.59360D-04  1.24947D-01  2.27844D-01
  3.59048D+00 -1.00000D+00  3.00000D+00
md6+3
  3.19175D+00  1.57080D+00  6.18696D+00  1.75296D-05  1.20000D+01
  3.90000D+00  0.00000D+00  1.59360D-04  1.27519D-01  2.28579D-01
  3.59048D+00 -1.00000D+00  3.00000D+00
no6+3
  3.17285D+00  1.57080D+00  6.13783D+00  1.75296D-05  1.20000D+01
  3.90000D+00  0.00000D+00  1.59360D-04  1.27703D-01  2.33356D-01
  3.59048D+00 -1.00000D+00  3.00000D+00
lr6+3
  3.20875D+00  1.57080D+00  6.11515D+00  1.75296D-05  1.20000D+01
  3.90000D+00  0.00000D+00  1.59360D-04  1.28622D-01  2.35194D-01
  3.59048D+00  1.09470D+02  3.00000D+00
ag3m 
  2.61200D+00  2.09439D+00  5.94886D+00  5.73696D-05  1.20000D+01
  1.95600D+00  0.00000D+00  3.18720D-04  1.63019D-01  2.30343D-01
  3.06514D+00 -1.00000D+00  1.00000D+00
